1.13 995.14 4053.99 7452.04 2.36 0.55 0.31 -0.03 -1.01 -0.00 0.88 0.39 -0.45 442355
0.90 995.16 4053.99 7452.04 2.32 0.06 0.67 -0.03 -1.00 -0.01 0.88 0.39 -0.44 442949
0.90 995.16 4053.99 7452.04 2.58 0.14 0.40 -0.03 -1.00 -0.01 0.88 0.39 -0.45 443357
0.76 995.18 4053.99 7452.04 2.53 0.37 0.56 -0.03 -1.00 -0.01 0.88 0.39 -0.45 443947
0.96 995.16 4053.99 7452.04 2.31 0.14 0.38 -0.03 -1.00 -0.01 0.87 0.39 -0.44 444359
0.97 995.16 4053.99 7452.04 2.74 0.31 0.31 -0.03 -1.00 -0.01 0.87 0.39 -0.44 444938
0.81 995.17 4053.99 7452.04 2.46 0.67 0.16 -0.03 -1.01 -0.01 0.88 0.39 -0.44 445362
1.08 995.14 4053.99 7452.04 0.20 0.24 0.46 -0.03 -1.00 -0.01 0.88 0.40 -0.45 445956
0.62 995.20 4053.99 7452.04 2.45 0.20 0.56 -0.03 -1.00 -0.01 0.87 0.39 -0.45 446364
0.41 995.22 4053.99 7452.04 2.37 0.31 0.48 -0.05 -1.01 -0.01 0.88 0.39 -0.45 446938
0.79 995.18 4053.99 7452.04 2.59 0.36 0.53 -0.03 -1.01 -0.01 0.87 0.40 -0.45 447367
1.16 995.13 4053.99 7452.04 2.41 0.45 0.58 -0.03 -1.00 -0.01 0.88 0.39 -0.44 447965
0.93 995.16 4053.99 7452.04 2.30 0.34 0.34 -0.03 -1.01 -0.01 0.88 0.39 -0.44 448368
0.61 995.20 4053.99 7452.04 2.01 0.25 0.41 -0.03 -1.00 -0.01 0.88 0.39 -0.45 448947
0.79 995.18 4053.99 7452.04 2.32 0.38 0.52 -0.03 -1.00 -0.01 0.88 0.39 -0.45 449371
0.62 995.20 4053.99 7452.04 2.20 0.34 0.35 -0.03 -1.01 0.01 0.88 0.39 -0.44 449898
2.26 995.00 4053.99 7452.04 -2.12 46.03 -16.42 -0.08 -2.00 0.12 0.93 0.34 -0.50 450375
13.99 993.62 4053.99 7452.04 3.80 -42.68 32.31 -0.22 -2.00 0.21 0.95 0.37 -0.48 450972
28.21 991.95 4053.99 7452.04 5.53 14.62 -5.01 -0.03 -2.00 0.08 0.93 0.37 -0.43 451377
49.83 989.40 4053.99 7452.04 0.56 50.06 -5.01 -0.14 -1.12 0.07 0.99 0.36 -0.43 451937
66.22 987.48 4053.99 7452.04 10.57 62.90 7.68 -0.06 -0.21 0.06 1.02 0.36 -0.47 452378
85.16 985.26 4053.99 7452.04 -1.35 64.36 8.02 0.03 -0.01 0.02 1.06 0.36 -0.51 452931
98.41 983.71 4053.99 7452.04 12.38 61.39 0.16 -0.05 0.03 0.04 1.15 0.36 -0.48 453389
111.14 982.23 4053.99 7452.04 2.50 50.30 -1.50 -0.03 0.01 0.00 1.16 0.37 -0.44 453984
120.30 981.16 4053.99 7452.04 11.09 45.45 -1.61 -0.03 -0.00 0.00 1.16 0.37 -0.40 454394
128.06 980.25 4053.99 7452.04 5.66 39.09 -9.13 -0.02 -0.00 0.00 1.12 0.38 -0.37 454972
133.04 979.67 4053.99 7452.04 2.70 34.09 -14.88 -0.03 -0.01 0.01 1.05 0.37 -0.36 455396
135.81 979.35 4053.99 7452.04 -7.56 34.53 -25.51 -0.04 -0.01 0.03 0.95 0.36 -0.40 455951
136.74 979.24 4053.99 7452.04 -27.79 -25.72 -19.07 2.00 1.47 1.70 0.85 0.31 -0.50 456399
136.84 979.23 4053.99 7452.04 64.09 -48.38 79.83 -0.47 1.88 2.00 0.78 0.26 -0.39 456920
132.94 979.69 4053.99 7452.04 83.11 -39.62 -85.03 -0.29 0.04 -0.11 0.89 0.21 -0.11 457402
124.68 980.65 4053.99 7452.04 140.93 -41.16 -88.05 -0.27 0.13 -0.27 1.18 -0.47 -0.06 457975
120.31 981.16 4053.99 7452.04 100.02 -84.08 -22.99 0.32 0.06 0.74 1.46 -0.53 -0.52 458404
109.77 982.39 4053.99 7452.04 -286.72 253.37 210.88 0.63 0.58 -1.15 1.39 -0.36 -0.01 458959
96.53 983.93 4053.99 7452.04 141.73 -121.82 -225.63 0.72 1.59 1.13 1.36 -0.59 -0.30 459407
94.28 984.20 4053.99 7452.04 151.23 15.18 -58.12 -0.16 0.08 0.21 1.45 -0.29 -0.73 459982
90.18 984.68 4053.99 7452.04 -139.58 83.24 100.57 -0.67 0.46 -0.06 1.10 -0.32 0.04 460408
84.56 985.33 4053.99 7452.04 -286.72 -64.84 65.68 -0.26 1.60 -0.32 1.35 -0.53 -0.15 460995
81.91 985.64 4053.96 7452.05 211.67 154.37 -43.62 0.32 1.19 0.02 1.43 -0.51 -0.18 461410
78.81 986.01 4053.96 7452.05 50.73 66.38 -123.49 -0.42 0.97 -0.03 0.85 -0.45 -0.24 461984
75.81 986.36 4053.96 7452.05 -32.65 57.27 135.16 -0.16 1.31 0.30 1.19 -0.62 -0.39 462412
72.95 986.69 4053.96 7452.05 87.12 59.20 175.96 0.20 1.16 -0.26 1.12 -0.55 -0.15 462976
70.79 986.95 4053.96 7452.05 -101.61 -79.83 -144.32 0.25 1.22 0.06 1.14 -0.61 -0.33 463417
67.76 987.30 4053.96 7452.05 60.31 -180.36 -33.02 -0.15 0.93 -0.08 1.23 -0.57 -0.18 463982
66.07 987.50 4053.96 7452.04 -132.15 -251.05 -120.51 0.24 1.17 0.13 1.51 -0.45 -0.58 464420
63.92 987.75 4053.96 7452.04 -65.89 -286.72 12.77 0.17 0.95 -0.15 1.17 -0.60 -0.28 464987
62.28 987.94 4053.97 7452.03 50.55 -286.72 82.24 -0.05 1.07 -0.23 1.25 -0.60 -0.52 465421
59.39 988.28 4053.97 7452.03 105.21 -286.72 36.99 -0.23 0.90 -0.19 1.04 -0.54 -0.18 465984
57.40 988.52 4053.97 7452.03 52.14 -286.72 25.57 -0.12 1.02 -0.19 1.02 -0.59 -0.38 466422
54.27 988.88 4053.97 7452.03 4.03 -286.72 -66.95 -0.05 1.01 0.04 1.41 -0.54 -0.55 466984
52.87 989.05 4053.97 7452.03 -52.08 -286.72 -102.00 0.04 1.04 0.13 1.04 -0.59 -0.40 467426
50.00 989.38 4053.97 7452.03 -38.40 -286.72 -18.88 0.04 1.06 -0.12 1.35 -0.57 -0.54 468002
47.84 989.64 4053.97 7452.03 82.31 -275.86 -5.35 -0.09 0.97 -0.10 0.88 -0.50 -0.37 468426
45.88 989.87 4053.97 7452.03 60.52 -282.47 -86.84 -0.03 1.05 0.06 1.34 -0.60 -0.39 468985
43.61 990.14 4053.97 7452.03 8.12 -254.77 -11.58 0.04 0.88 -0.05 1.09 -0.55 -0.59 469428
40.91 990.45 4053.97 7452.03 89.24 -208.37 -46.88 -0.08 1.13 -0.06 1.02 -0.56 -0.25 469991
39.73 990.59 4053.97 7452.02 -17.69 -205.49 -68.52 0.11 1.01 0.05 1.43 -0.57 -0.45 470430
37.57 990.84 4053.97 7452.02 8.61 -186.66 -23.24 -0.02 1.02 0.00 1.20 -0.56 -0.60 471022
34.75 991.18 4053.97 7452.02 -58.52 -187.76 -44.14 0.10 0.93 0.04 1.14 -0.61 -0.43 471433
32.25 991.47 4053.97 7452.02 -35.45 -193.65 56.56 0.04 1.04 -0.13 1.34 -0.56 -0.20 471994
30.81 991.64 4053.98 7452.02 -22.96 -170.16 -1.69 0.07 0.98 -0.00 1.44 -0.56 -0.39 472434
28.14 991.95 4053.98 7452.02 4.95 -146.32 101.51 0.05 1.03 -0.15 1.13 -0.61 -0.41 472999
25.70 992.24 4053.98 7452.02 49.84 -153.71 2.00 -0.00 0.95 -0.00 0.94 -0.54 -0.30 473436
23.23 992.53 4053.98 7452.02 63.17 -130.37 -10.29 -0.02 1.06 -0.08 1.14 -0.57 -0.20 474002
21.23 992.77 4053.98 7452.02 -17.37 -119.93 -83.39 0.06 1.00 0.04 1.43 -0.56 -0.41 474438
18.72 993.06 4053.98 7452.02 -42.83 -121.77 -4.59 0.03 1.07 -0.05 1.40 -0.56 -0.54 475001
16.59 993.31 4053.98 7452.02 -56.30 -119.86 36.78 0.06 0.94 -0.08 1.20 -0.62 -0.46 475441
14.00 993.62 4053.98 7452.02 52.27 -130.18 26.86 -0.07 0.99 -0.04 0.94 -0.51 -0.35 476037
11.37 993.93 4053.98 7452.02 21.78 -155.38 -0.37 -0.03 1.01 -0.03 1.03 -0.57 -0.26 476442
9.31 994.17 4053.98 7452.02 21.37 -173.43 -57.79 -0.06 1.06 0.06 1.32 -0.62 -0.40 477036
6.94 994.45 4053.98 7452.02 -44.36 -193.98 -36.41 0.02 0.96 0.00 1.31 -0.53 -0.63 477444
4.53 994.74 4053.98 7452.02 -44.93 -209.02 -21.68 0.02 1.03 -0.01 1.04 -0.60 -0.40 478015
2.28 995.00 4053.98 7452.02 -68.29 -220.72 -6.21 0.06 1.02 -0.02 1.34 -0.56 -0.19 478445
-4.75 995.83 4053.98 7452.02 -70.59 -238.38 27.93 0.05 1.02 -0.07 1.37 -0.56 -0.50 479023
-0.74 995.36 4053.98 7452.02 12.93 -188.94 4.97 -0.41 0.23 1.54 0.96 -0.03 -0.86 479447
-0.25 995.30 4053.98 7452.02 0.11 -1.85 0.58 -0.14 0.04 1.00 0.94 -0.03 -0.80 480044
-0.02 995.27 4053.98 7452.02 2.07 0.45 0.36 -0.13 0.04 1.00 0.94 -0.03 -0.80 480444
-0.68 995.35 4053.98 7452.02 2.33 0.17 0.25 -0.13 0.04 1.00 0.94 -0.03 -0.80 481046
-0.70 995.35 4053.98 7452.02 2.25 0.36 0.40 -0.13 0.04 1.00 0.95 -0.03 -0.80 481447
-0.16 995.29 4053.98 7452.02 2.63 0.27 0.29 -0.13 0.04 1.01 0.94 -0.03 -0.80 482043
-0.52 995.33 4053.98 7452.02 2.26 0.22 0.55 -0.13 0.04 1.00 0.95 -0.03 -0.80 482449
-0.64 995.34 4053.98 7452.02 0.23 0.38 0.41 -0.13 0.04 1.00 0.94 -0.03 -0.80 483046
-0.35 995.31 4053.98 7452.02 2.41 0.39 0.54 -0.13 0.04 1.00 0.95 -0.02 -0.80 483451
-0.20 995.29 4053.98 7452.02 2.47 0.42 0.58 -0.13 0.04 1.00 0.94 -0.03 -0.80 484005
-0.23 995.30 4053.99 7452.01 2.42 0.34 0.56 -0.13 0.04 1.00 0.95 -0.03 -0.80 484453
-0.34 995.31 4053.99 7452.01 2.57 0.11 0.53 -0.13 0.04 1.00 0.94 -0.03 -0.80 485037
-1.03 995.39 4053.99 7452.01 2.41 0.56 0.46 -0.13 0.04 1.00 0.94 -0.03 -0.80 485455
-0.87 995.37 4053.99 7452.01 2.44 0.24 0.55 -0.13 0.04 1.00 0.95 -0.02 -0.80 486018
-0.87 995.37 4053.99 7452.01 2.68 0.17 0.47 -0.13 0.04 1.01 0.95 -0.03 -0.80 486457
-0.71 995.35 4053.99 7452.01 2.35 0.30 0.49 -0.13 0.04 1.00 0.94 -0.03 -0.80 487001
-0.76 995.36 4053.99 7452.01 2.35 0.30 0.70 -0.12 0.04 1.00 0.94 -0.03 -0.80 487459
-0.86 995.37 4053.99 7452.01 2.35 0.31 0.70 -0.13 0.04 1.00 0.95 -0.03 -0.79 488003
-0.43 995.32 4053.99 7452.01 2.39 0.14 0.34 -0.13 0.04 1.00 0.95 -0.03 -0.80 488461
-0.39 995.31 4053.99 7452.01 2.47 0.24 0.41 -0.13 0.04 1.00 0.94 -0.03 -0.80 489020
-0.75 995.36 4053.99 7452.01 2.51 0.16 0.30 -0.12 0.04 1.00 0.94 -0.03 -0.79 489463
-0.72 995.35 4053.99 7452.01 2.53 0.24 0.48 -0.11 0.04 1.00 0.94 -0.03 -0.81 490019
-0.40 995.32 4053.99 7452.01 2.73 0.20 0.52 -0.12 0.04 1.01 0.95 -0.03 -0.80 490477
-0.64 995.34 4053.99 7452.01 2.52 0.25 0.49 -0.13 0.04 1.00 0.94 -0.03 -0.80 491018
-0.78 995.36 4053.99 7452.01 2.45 0.25 0.52 -0.13 0.04 1.01 0.94 -0.03 -0.80 491480
-0.85 995.37 4053.99 7452.01 2.46 0.53 0.32 -0.13 0.04 1.00 0.95 -0.03 -0.81 492049
-0.41 995.32 4053.99 7452.01 2.28 0.21 0.54 -0.13 0.04 1.01 0.94 -0.03 -0.80 492481
-0.47 995.32 4053.99 7452.01 2.40 0.34 0.41 -0.13 0.04 1.00 0.95 -0.04 -0.81 493027
-0.28 995.30 4053.99 7452.01 2.41 0.45 0.54 -0.13 0.04 1.00 0.94 -0.03 -0.81 493489
-0.53 995.33 4053.99 7452.01 2.46 0.21 0.43 -0.12 0.04 1.00 0.95 -0.03 -0.80 494030
-0.48 995.33 4053.99 7452.01 2.28 0.18 0.48 -0.12 0.04 1.00 0.94 -0.03 -0.81 494490
-0.69 995.35 4053.99 7452.01 2.39 0.26 0.49 -0.11 0.04 1.00 0.95 -0.03 -0.81 495034
-0.11 995.28 4053.99 7452.01 2.43 0.21 0.49 -0.13 0.04 1.01 0.94 -0.03 -0.80 495493
-0.41 995.32 4053.99 7452.01 2.41 0.49 0.38 -0.12 0.04 1.00 0.94 -0.03 -0.81 496030
-0.25 995.30 4053.99 7452.01 2.17 0.57 0.41 -0.12 0.04 1.01 0.94 -0.03 -0.81 496494
-0.76 995.36 4053.99 7452.01 2.32 0.45 0.44 -0.11 0.04 1.00 0.94 -0.03 -0.80 497056
-0.68 995.35 4053.99 7452.01 2.57 0.19 0.57 -0.12 0.04 1.01 0.95 -0.03 -0.80 497497
-0.54 995.33 4053.99 7452.01 2.57 0.55 0.53 -0.12 0.04 1.01 0.95 -0.03 -0.80 498056
-0.20 995.29 4053.99 7452.01 2.71 0.19 0.52 -0.12 0.04 1.00 0.95 -0.03 -0.80 498498
-0.17 995.29 4053.99 7452.01 2.32 0.39 0.31 -0.14 0.04 1.00 0.94 -0.03 -0.81 499037
-0.75 995.36 4053.99 7452.01 2.50 0.17 0.47 -0.12 0.04 1.00 0.95 -0.03 -0.80 499501
-0.56 995.34 4053.99 7452.01 2.41 0.24 0.39 -0.12 0.04 1.00 0.95 -0.03 -0.80 500055
-0.78 995.36 4053.99 7452.01 2.40 0.06 0.25 -0.12 0.04 1.00 0.94 -0.03 -0.80 500502
-0.13 995.28 4053.99 7452.01 2.65 0.22 0.31 -0.12 0.04 1.01 0.95 -0.03 -0.80 501059
-0.66 995.35 4053.99 7452.01 2.26 0.24 0.43 -0.12 0.04 1.00 0.95 -0.03 -0.81 501505
-0.52 995.33 4053.99 7452.01 2.35 0.25 0.45 -0.12 0.04 1.00 0.95 -0.03 -0.80 502057
-0.77 995.36 4053.99 7452.01 2.44 0.55 0.51 -0.12 0.04 1.00 0.95 -0.04 -0.81 502506
-0.79 995.36 4053.99 7452.01 4.45 0.63 0.20 -0.12 0.04 1.00 0.95 -0.03 -0.80 503068
-0.83 995.37 4053.99 7452.01 2.51 0.21 0.55 -0.12 0.05 1.00 0.94 -0.03 -0.80 503508
-0.36 995.31 4053.99 7452.01 2.68 0.35 0.26 -0.12 0.04 1.00 0.94 -0.03 -0.80 504064
-0.58 995.34 4053.99 7452.01 2.16 0.32 0.40 -0.12 0.04 1.01 0.94 -0.03 -0.80 504510
-0.54 995.33 4053.99 7452.01 2.78 0.45 0.48 -0.12 0.04 1.00 0.95 -0.03 -0.81 505043
-0.83 995.37 4053.99 7452.01 2.57 0.31 0.46 -0.12 0.04 1.01 0.95 -0.03 -0.81 505512
-0.24 995.30 4053.99 7452.01 2.40 0.38 0.47 -0.12 0.04 1.01 0.95 -0.03 -0.81 506070
-0.76 995.36 4053.99 7452.01 2.38 0.28 0.52 -0.12 0.04 1.00 0.95 -0.03 -0.81 506514
-0.49 995.33 4053.99 7452.01 2.25 0.28 0.45 -0.12 0.04 1.01 0.95 -0.03 -0.80 507046
-0.57 995.34 4053.99 7452.01 2.37 0.10 0.40 -0.12 0.04 1.00 0.95 -0.03 -0.80 507517
-0.50 995.33 4053.99 7452.01 2.49 0.11 0.60 -0.12 0.04 1.00 0.95 -0.03 -0.80 508055
-0.79 995.36 4053.99 7452.01 2.42 0.12 0.61 -0.12 0.04 1.01 0.95 -0.03 -0.80 508519
-0.85 995.37 4053.99 7452.01 2.38 0.23 0.40 -0.12 0.04 1.00 0.94 -0.03 -0.80 509047
-0.86 995.37 4053.99 7452.01 2.54 0.24 0.44 -0.12 0.04 1.01 0.94 -0.03 -0.80 509522
-0.35 995.31 4053.99 7452.01 2.35 0.14 0.59 -0.12 0.04 1.00 0.94 -0.03 -0.80 510066
-0.47 995.32 4053.99 7452.01 2.63 0.42 0.41 -0.12 0.04 1.00 0.95 -0.03 -0.81 510524
-0.45 995.32 4053.99 7452.01 2.35 0.25 0.47 -0.12 0.04 1.01 0.95 -0.03 -0.80 511062
-0.77 995.36 4053.99 7452.01 2.34 0.36 0.52 -0.12 0.04 1.01 0.95 -0.03 -0.80 511527
-0.76 995.36 4053.99 7452.01 2.59 0.34 0.25 -0.12 0.04 1.00 0.94 -0.03 -0.80 512065
-0.81 995.37 4053.99 7452.01 2.49 0.33 0.35 -0.12 0.04 1.01 0.95 -0.03 -0.81 512529
-0.85 995.37 4053.99 7452.01 2.59 0.24 0.48 -0.12 0.04 1.01 0.95 -0.03 -0.80 513080
-0.01 995.27 4053.99 7452.01 2.29 0.30 0.25 -0.12 0.04 1.00 0.95 -0.03 -0.81 513531
-0.48 995.33 4053.99 7452.01 2.29 0.30 0.44 -0.12 0.04 1.00 0.95 -0.03 -0.81 514066
-0.42 995.32 4053.99 7452.01 2.28 0.38 0.48 -0.12 0.04 1.01 0.95 -0.03 -0.81 514533
-0.89 995.37 4053.99 7452.01 0.21 0.31 0.40 -0.12 0.04 1.00 0.95 -0.03 -0.80 515058
-0.82 995.37 4053.99 7452.01 2.38 0.34 0.62 -0.12 0.04 1.01 0.95 -0.04 -0.81 515535
-0.34 995.31 4053.99 7452.01 2.49 0.11 0.58 -0.12 0.04 1.00 0.95 -0.03 -0.80 516066
-0.47 995.32 4053.99 7452.01 2.26 0.44 0.42 -0.12 0.04 1.01 0.95 -0.04 -0.81 516537
-0.41 995.32 4053.99 7452.01 2.42 0.28 0.31 -0.12 0.04 1.00 0.95 -0.03 -0.81 517057
-0.67 995.35 4053.99 7452.01 2.17 0.14 0.46 -0.12 0.04 1.01 0.95 -0.03 -0.80 517539
-0.23 995.30 4053.99 7452.01 2.43 0.45 0.40 -0.12 0.04 1.00 0.95 -0.03 -0.81 518093
-0.35 995.31 4053.99 7452.01 2.57 0.25 0.40 -0.12 0.04 1.01 0.95 -0.04 -0.80 518541
-0.78 995.36 4053.99 7452.01 2.35 0.20 0.30 -0.12 0.04 1.00 0.95 -0.04 -0.81 519095
-0.57 995.34 4053.99 7452.01 2.30 0.26 0.30 -0.12 0.04 1.00 0.95 -0.03 -0.81 519543
-0.55 995.33 4053.99 7452.01 2.31 0.56 0.49 -0.12 0.04 1.00 0.95 -0.03 -0.80 520075
-0.44 995.32 4053.99 7452.01 2.49 0.25 0.52 -0.12 0.04 1.00 0.95 -0.03 -0.81 520545
-0.73 995.35 4053.99 7452.01 2.46 0.38 0.52 -0.12 0.04 1.01 0.95 -0.03 -0.80 521093
-0.46 995.32 4053.99 7452.01 2.52 0.26 0.34 -0.12 0.04 1.00 0.95 -0.03 -0.80 521551
-0.12 995.28 4053.99 7452.01 2.31 0.15 0.40 -0.12 0.04 1.01 0.95 -0.03 -0.81 522099
-0.40 995.32 4053.99 7452.01 2.38 0.25 0.52 -0.12 0.04 1.00 0.95 -0.03 -0.80 522557
-0.86 995.37 4053.99 7452.01 2.49 0.31 0.47 -0.12 0.04 1.01 0.95 -0.03 -0.81 523102
-0.68 995.35 4053.99 7452.01 2.66 0.39 0.34 -0.11 0.04 1.01 0.95 -0.03 -0.81 523559
-0.56 995.33 4053.99 7452.01 2.44 0.42 0.59 -0.12 0.04 1.00 0.95 -0.03 -0.80 524113
-0.90 995.38 4053.99 7452.01 2.33 0.44 0.51 -0.12 0.04 1.00 0.95 -0.02 -0.81 524573
-0.30 995.30 4053.99 7452.01 2.62 0.17 0.17 -0.12 0.04 1.00 0.95 -0.03 -0.80 525119
-0.67 995.35 4053.99 7452.01 2.66 0.28 0.48 -0.12 0.04 1.00 0.96 -0.03 -0.80 525577
-0.59 995.34 4053.99 7452.01 2.42 0.36 0.41 -0.12 0.04 1.00 0.95 -0.03 -0.80 526085
-0.34 995.31 4053.99 7452.01 2.55 0.30 0.52 -0.12 0.04 1.01 0.95 -0.03 -0.81 526579
-0.47 995.32 4053.99 7452.01 2.09 0.31 0.53 -0.12 0.04 1.00 0.95 -0.03 -0.81 527114
-0.25 995.30 4053.99 7452.01 2.35 0.25 0.33 -0.12 0.04 1.00 0.95 -0.03 -0.81 527581
-1.54 995.45 4053.99 7452.01 2.52 0.27 0.53 -0.12 0.04 1.00 0.95 -0.03 -0.80 528082
-0.32 995.31 4053.99 7452.01 2.26 0.47 0.41 -0.12 0.04 1.01 0.95 -0.03 -0.81 528583
-0.77 995.36 4053.99 7452.01 2.64 0.32 0.34 -0.12 0.04 1.00 0.95 -0.03 -0.81 529084
-0.35 995.31 4053.99 7452.01 2.35 0.37 0.48 -0.11 0.04 1.00 0.95 -0.03 -0.80 529586
-0.57 995.34 4053.99 7452.01 2.34 0.18 0.45 -0.12 0.04 1.01 0.95 -0.03 -0.79 530087
-0.46 995.32 4053.99 7452.01 2.40 0.29 0.37 -0.12 0.04 1.01 0.95 -0.03 -0.81 530588
-0.32 995.31 4053.99 7452.01 2.38 0.36 0.60 -0.11 0.04 1.00 0.95 -0.03 -0.80 531089
-0.54 995.33 4053.99 7452.01 2.68 0.55 0.55 -0.12 0.04 1.01 0.96 -0.03 -0.81 531591
-1.01 995.39 4053.99 7452.01 2.23 0.13 0.68 -0.11 0.04 1.01 0.95 -0.03 -0.81 532091
-0.66 995.35 4053.99 7452.01 2.38 0.37 0.30 -0.11 0.04 1.01 0.95 -0.03 -0.80 532592
-0.23 995.30 4053.99 7452.01 2.31 0.22 0.55 -0.12 0.04 1.00 0.95 -0.03 -0.80 533093
-0.72 995.35 4053.99 7452.01 0.06 0.36 0.55 -0.12 0.04 1.00 0.95 -0.04 -0.80 533595
-0.77 995.36 4053.99 7452.01 2.35 0.24 0.56 -0.11 0.04 1.00 0.96 -0.03 -0.80 534127
-0.48 995.33 4053.99 7452.01 2.45 0.17 0.65 -0.12 0.04 1.01 0.95 -0.03 -0.80 534596
-0.42 995.32 4053.99 7452.01 2.18 0.31 0.37 -0.11 0.04 1.01 0.95 -0.03 -0.80 535097
-0.43 995.32 4053.99 7452.01 2.31 0.29 0.48 -0.12 0.04 1.01 0.95 -0.03 -0.80 535599
-0.29 995.30 4053.99 7452.01 2.28 0.14 0.35 -0.11 0.04 1.00 0.95 -0.03 -0.81 536099
-0.55 995.33 4053.99 7452.01 2.39 0.12 0.38 -0.12 0.04 1.01 0.95 -0.03 -0.81 536600
-1.02 995.39 4053.99 7452.01 2.37 0.24 0.40 -0.11 0.04 1.00 0.95 -0.03 -0.80 537101
-0.46 995.32 4053.99 7452.01 2.52 0.42 0.41 -0.12 0.04 1.00 0.95 -0.03 -0.80 537603
-0.68 995.35 4053.99 7452.01 2.09 0.25 0.33 -0.11 0.05 1.00 0.95 -0.04 -0.80 538103
-0.68 995.35 4053.99 7452.01 2.39 0.23 0.37 -0.11 0.04 1.01 0.95 -0.03 -0.80 538604
-0.26 995.30 4053.99 7452.01 2.42 0.50 0.55 -0.10 0.04 1.01 0.95 -0.03 -0.81 539124
-0.56 995.34 4053.99 7452.01 2.62 0.16 0.53 -0.11 0.04 1.00 0.95 -0.03 -0.81 539607
-0.40 995.32 4053.99 7452.01 2.53 0.41 0.41 -0.11 0.04 1.00 0.95 -0.03 -0.80 540131
-0.27 995.30 4053.99 7452.01 2.53 0.16 0.35 -0.11 0.04 1.01 0.95 -0.03 -0.81 540608
-0.35 995.31 4053.99 7452.01 2.44 0.23 0.40 -0.11 0.04 1.01 0.95 -0.03 -0.81 541109
-0.78 995.36 4053.99 7452.01 2.25 0.27 0.39 -0.11 0.04 1.00 0.95 -0.03 -0.81 541611
-0.72 995.35 4053.99 7452.01 2.53 0.45 0.36 -0.12 0.05 1.00 0.95 -0.03 -0.80 542111
-0.45 995.32 4053.99 7452.01 2.35 0.11 0.45 -0.11 0.04 1.00 0.95 -0.03 -0.80 542612
-0.36 995.31 4053.99 7452.01 2.00 0.36 0.56 -0.12 0.05 1.01 0.95 -0.03 -0.80 543113
-0.77 995.36 4053.99 7452.01 2.25 0.17 0.46 -0.11 0.04 1.00 0.95 -0.03 -0.81 543614
-0.03 995.27 4053.99 7452.01 2.63 0.24 0.44 -0.12 0.04 1.00 0.96 -0.03 -0.81 544115
-0.66 995.35 4053.99 7452.01 2.24 0.17 0.64 -0.12 0.04 1.00 0.95 -0.03 -0.81 544616
-0.44 995.32 4053.99 7452.01 0.00 0.13 0.52 -0.12 0.04 1.01 0.95 -0.03 -0.79 545145
-0.49 995.33 4053.99 7452.01 2.69 0.46 0.70 -0.11 0.04 1.00 0.96 -0.04 -0.80 545618
-0.46 995.32 4053.99 7452.01 2.31 0.38 0.52 -0.11 0.04 1.01 0.95 -0.03 -0.81 546135
-0.51 995.33 4053.99 7452.01 2.42 0.16 0.35 -0.11 0.04 1.01 0.96 -0.03 -0.81 546620
-0.17 995.29 4053.99 7452.01 2.49 0.41 0.74 -0.12 0.05 1.01 0.95 -0.02 -0.80 547130
-0.87 995.37 4053.99 7452.01 2.55 0.15 0.17 -0.11 0.04 1.01 0.95 -0.03 -0.80 547623
-0.29 995.30 4053.99 7452.01 2.59 0.35 0.56 -0.11 0.04 1.01 0.95 -0.03 -0.79 548130
-0.32 995.31 4053.99 7452.01 2.52 0.28 0.31 -0.11 0.04 1.00 0.95 -0.03 -0.80 548625
-0.57 995.34 4053.99 7452.01 2.50 0.45 0.42 -0.11 0.04 1.00 0.95 -0.03 -0.80 549150
-0.06 995.28 4053.99 7452.01 2.38 0.33 0.52 -0.11 0.04 1.01 0.95 -0.03 -0.80 549627
-0.20 995.29 4053.99 7452.01 2.33 0.28 0.54 -0.11 0.04 1.01 0.95 -0.03 -0.80 550150
-0.64 995.34 4053.99 7452.01 2.38 0.45 0.30 -0.12 0.04 1.01 0.95 -0.03 -0.80 550629
-0.72 995.35 4053.99 7452.01 2.43 0.25 0.33 -0.11 0.04 1.01 0.95 -0.03 -0.80 551131
-0.52 995.33 4053.99 7452.01 1.96 0.32 0.44 -0.11 0.04 1.01 0.95 -0.03 -0.80 551631
-0.64 995.34 4053.99 7452.01 2.36 0.54 0.57 -0.11 0.04 1.00 0.95 -0.03 -0.80 552132
-0.97 995.38 4053.99 7452.01 2.52 0.32 0.42 -0.11 0.04 1.00 0.95 -0.03 -0.80 552633
-1.06 995.39 4053.99 7452.01 2.35 0.38 0.67 -0.11 0.04 1.01 0.95 -0.03 -0.81 553135
-0.38 995.31 4053.99 7452.01 2.53 0.35 0.36 -0.12 0.04 1.00 0.95 -0.03 -0.81 553635
-0.03 995.27 4053.99 7452.01 2.29 0.32 0.54 -0.11 0.04 1.01 0.96 -0.03 -0.81 554136
-0.60 995.34 4053.99 7452.01 2.07 0.34 0.45 -0.11 0.04 1.00 0.95 -0.03 -0.81 554637
-0.53 995.33 4053.99 7452.01 2.23 0.28 0.31 -0.11 0.04 1.01 0.95 -0.03 -0.80 555139
-0.68 995.35 4053.99 7452.01 2.42 0.27 0.56 -0.11 0.04 1.01 0.96 -0.03 -0.80 555639
-0.77 995.36 4053.99 7452.01 2.47 0.29 0.38 -0.11 0.04 1.01 0.95 -0.03 -0.80 556140
-0.49 995.33 4053.99 7452.01 2.40 0.35 0.39 -0.11 0.04 1.00 0.95 -0.03 -0.80 556641
0.23 995.24 4053.99 7452.01 2.53 0.17 0.36 -0.11 0.04 1.01 0.96 -0.03 -0.80 557142
-0.65 995.35 4053.99 7452.01 2.44 0.49 0.29 -0.11 0.04 1.01 0.96 -0.03 -0.80 557643
-0.40 995.32 4053.99 7452.01 2.22 0.32 0.44 -0.11 0.04 1.01 0.96 -0.03 -0.80 558144
-0.32 995.31 4053.99 7452.01 2.33 0.32 0.26 -0.11 0.04 1.01 0.96 -0.03 -0.81 558645
-0.86 995.37 4053.99 7452.01 2.28 0.29 0.51 -0.11 0.04 1.00 0.96 -0.03 -0.80 559147
-0.18 995.29 4053.99 7452.01 2.39 0.25 0.52 -0.11 0.04 1.00 0.96 -0.03 -0.80 559647
-0.28 995.30 4053.99 7452.01 2.51 0.17 0.65 -0.11 0.04 1.00 0.96 -0.03 -0.79 560158
-0.72 995.35 4053.99 7452.01 2.53 0.21 0.53 -0.11 0.04 1.00 0.96 -0.03 -0.79 560649
-0.44 995.32 4053.99 7452.01 2.57 0.24 0.53 -0.11 0.04 1.01 0.96 -0.02 -0.80 561150
-0.41 995.32 4053.99 7452.01 2.32 0.10 0.40 -0.11 0.04 1.00 0.96 -0.03 -0.80 561651
-0.80 995.36 4053.99 7452.01 2.48 0.25 0.43 -0.11 0.05 1.00 0.95 -0.02 -0.80 562152
-1.03 995.39 4053.99 7452.01 2.39 0.43 0.25 -0.11 0.04 1.00 0.96 -0.03 -0.80 562653
-0.61 995.34 4053.99 7452.01 2.63 0.23 0.54 -0.12 0.04 1.00 0.95 -0.03 -0.80 563154
-0.79 995.36 4053.99 7452.01 2.26 0.45 0.57 -0.11 0.04 1.01 0.95 -0.03 -0.80 563655
-0.77 995.36 4053.99 7452.01 2.63 0.26 0.51 -0.12 0.04 1.01 0.96 -0.03 -0.80 564156
-0.32 995.31 4053.99 7452.01 2.61 0.31 0.35 -0.11 0.04 1.00 0.96 -0.03 -0.80 564658
-0.66 995.35 4053.99 7452.01 2.45 0.35 0.51 -0.11 0.04 1.01 0.96 -0.03 -0.80 565159
-0.41 995.32 4053.99 7452.01 2.28 0.16 0.60 -0.11 0.04 1.00 0.95 -0.03 -0.80 565660
-0.12 995.28 4053.99 7452.01 2.34 0.41 0.62 -0.11 0.04 1.00 0.96 -0.03 -0.81 566161
-0.62 995.34 4053.99 7452.01 2.34 0.30 0.40 -0.11 0.04 1.01 0.96 -0.03 -0.80 566663
-0.76 995.36 4053.99 7452.01 2.35 0.45 0.27 -0.11 0.05 1.01 0.96 -0.03 -0.80 567163
-0.71 995.35 4053.99 7452.01 2.31 0.39 0.53 -0.11 0.04 1.01 0.95 -0.03 -0.80 567664
-0.68 995.35 4053.99 7452.01 2.34 0.45 0.33 -0.11 0.05 1.01 0.96 -0.03 -0.81 568165
0.15 995.25 4053.99 7452.01 2.40 0.45 0.31 -0.11 0.04 1.00 0.96 -0.04 -0.80 568666
-0.81 995.36 4053.98 7452.01 2.22 0.40 0.56 -0.11 0.05 1.00 0.96 -0.03 -0.79 569167
-0.21 995.29 4053.98 7452.01 2.47 0.26 0.32 -0.11 0.04 1.00 0.96 -0.03 -0.79 569668
-0.20 995.29 4053.98 7452.01 2.00 0.37 0.41 -0.11 0.05 1.00 0.96 -0.03 -0.80 570169
-0.31 995.31 4053.98 7452.01 2.50 0.47 0.46 -0.11 0.04 1.01 0.96 -0.03 -0.80 570671
-0.59 995.34 4053.98 7452.01 2.25 0.48 0.39 -0.11 0.04 1.00 0.96 -0.04 -0.81 571171
-0.23 995.30 4053.98 7452.01 2.61 0.34 0.48 -0.11 0.04 1.00 0.96 -0.03 -0.81 571672
-0.49 995.33 4053.98 7452.01 2.35 0.43 0.51 -0.10 0.04 1.01 0.95 -0.03 -0.80 572173
-0.05 995.27 4053.98 7452.01 2.56 0.45 0.33 -0.11 0.04 1.01 0.96 -0.03 -0.80 572675
-0.27 995.30 4053.98 7452.01 2.14 0.25 0.44 -0.11 0.04 1.01 0.95 -0.03 -0.80 573175
-0.14 995.29 4053.98 7452.01 2.26 0.24 0.32 -0.11 0.04 1.01 0.96 -0.03 -0.80 573676
-0.42 995.32 4053.98 7452.01 2.26 0.31 0.45 -0.11 0.04 1.00 0.96 -0.03 -0.81 574177
-0.39 995.32 4053.98 7452.01 2.28 0.34 0.38 -0.11 0.04 1.00 0.96 -0.02 -0.80 574679
-0.32 995.31 4053.98 7452.01 2.16 0.45 0.31 -0.11 0.04 1.00 0.95 -0.03 -0.80 575179
-0.06 995.28 4053.98 7452.01 2.45 0.18 0.36 -0.11 0.04 1.01 0.95 -0.03 -0.80 575680
-0.49 995.33 4053.98 7452.01 2.25 0.23 0.41 -0.11 0.04 1.01 0.96 -0.03 -0.80 576181
-0.21 995.29 4053.98 7452.01 2.30 0.52 0.47 -0.11 0.04 1.01 0.95 -0.03 -0.80 576683
-0.85 995.37 4053.98 7452.01 2.33 0.43 0.31 -0.11 0.04 1.01 0.96 -0.03 -0.81 577183
-0.33 995.31 4053.98 7452.01 2.67 0.33 0.31 -0.11 0.04 1.01 0.96 -0.03 -0.80 577684
-0.49 995.33 4053.98 7452.01 2.68 0.34 0.38 -0.11 0.04 1.00 0.96 -0.03 -0.81 578185
0.15 995.25 4053.98 7452.01 2.29 0.24 0.55 -0.11 0.04 1.00 0.96 -0.03 -0.82 578685
0.12 995.26 4053.98 7452.01 2.43 0.33 0.42 -0.11 0.04 1.00 0.96 -0.03 -0.81 579186
-0.16 995.29 4053.98 7452.01 2.20 0.21 0.44 -0.11 0.04 1.01 0.96 -0.02 -0.81 579688
-0.29 995.30 4053.98 7452.01 2.48 0.19 0.32 -0.11 0.04 1.01 0.96 -0.03 -0.81 580189
0.06 995.26 4053.98 7452.01 2.45 0.33 0.44 -0.11 0.04 1.00 0.96 -0.03 -0.81 580689
-0.12 995.28 4053.98 7452.01 2.46 0.35 0.52 -0.12 0.04 1.01 0.96 -0.03 -0.81 581191
-0.23 995.30 4053.98 7452.01 2.40 0.45 0.37 -0.11 0.04 1.01 0.96 -0.03 -0.81 581692
0.12 995.26 4053.98 7452.01 2.40 0.36 0.40 -0.11 0.04 1.00 0.97 -0.03 -0.81 582193
0.09 995.26 4053.98 7452.01 2.62 0.44 0.51 -0.11 0.04 1.01 0.96 -0.03 -0.80 582694
0.32 995.23 4053.98 7452.01 2.12 0.18 0.51 -0.11 0.04 1.01 0.96 -0.03 -0.81 583195
-0.15 995.29 4053.98 7452.01 2.36 0.47 0.43 -0.11 0.05 1.01 0.96 -0.03 -0.80 583697
0.05 995.26 4053.98 7452.01 2.20 0.73 0.38 -0.11 0.05 1.01 0.96 -0.03 -0.81 584198
-0.07 995.28 4053.98 7452.01 2.35 0.77 0.56 -0.11 0.04 0.99 0.96 -0.03 -0.81 584699
0.07 995.26 4053.98 7452.01 2.50 1.72 0.22 -0.11 0.05 1.01 0.96 -0.03 -0.81 585199
-0.17 995.29 4053.98 7452.01 2.07 0.38 0.55 -0.11 0.04 1.00 0.96 -0.03 -0.81 585701
-0.02 995.27 4053.98 7452.01 2.49 0.11 0.12 -0.11 0.04 1.00 0.96 -0.03 -0.80 586203
-0.11 995.28 4053.98 7452.01 2.52 0.53 0.39 -0.11 0.04 1.01 0.96 -0.03 -0.81 586703
-0.04 995.27 4053.98 7452.01 2.35 0.43 0.52 -0.11 0.04 1.01 0.96 -0.03 -0.81 587204
0.26 995.24 4053.98 7452.01 1.94 0.41 0.46 -0.11 0.05 1.01 0.96 -0.03 -0.81 587704
-0.10 995.28 4053.98 7452.01 2.51 0.26 0.19 -0.11 0.04 1.01 0.96 -0.03 -0.80 588207
-0.04 995.27 4053.98 7452.01 2.31 0.37 0.58 -0.10 0.04 1.01 0.96 -0.03 -0.81 588707
-0.60 995.34 4053.98 7452.01 2.32 0.10 0.30 -0.11 0.04 1.00 0.96 -0.03 -0.81 589208
0.47 995.21 4053.98 7452.01 2.37 0.31 0.38 -0.10 0.04 1.01 0.96 -0.04 -0.80 589708
0.10 995.26 4053.98 7452.01 2.71 0.51 0.34 -0.11 0.04 1.01 0.95 -0.03 -0.80 590210
0.55 995.20 4053.98 7452.01 2.28 0.70 0.45 -0.11 0.05 1.01 0.96 -0.03 -0.81 590710
0.19 995.25 4053.98 7452.01 3.68 29.09 -1.99 -0.05 0.01 0.95 0.98 -0.03 -0.82 591213
0.30 995.23 4053.98 7452.01 -31.54 -35.02 48.46 -0.64 0.28 1.01 0.82 -0.11 -0.71 591717
0.44 995.22 4053.98 7452.01 -27.44 -97.41 110.60 -0.78 -0.16 0.34 0.76 0.16 -0.54 592220
0.59 995.20 4053.98 7452.01 -21.79 -101.42 -29.44 -0.28 -0.64 -0.34 0.93 0.33 -0.34 592722
0.68 995.19 4053.98 7452.01 -2.28 -10.43 -25.63 -0.64 -0.57 -0.57 0.85 0.29 -0.32 593221
0.57 995.20 4053.98 7452.01 10.80 40.43 17.76 -0.86 -0.57 -0.45 0.81 0.27 -0.38 593720
0.59 995.20 4053.98 7452.01 29.68 42.79 -3.39 -0.65 -0.59 -0.29 0.87 0.31 -0.36 594222
1.14 995.14 4053.98 7452.01 32.32 5.05 19.05 -0.90 -0.57 -0.30 0.87 0.30 -0.32 594721
0.63 995.19 4053.98 7452.01 16.95 4.71 15.35 -0.66 -0.63 -0.38 0.90 0.31 -0.29 595222
0.65 995.19 4053.98 7452.01 -19.56 -11.67 -8.23 -0.73 -0.66 -0.29 0.90 0.32 -0.31 595726
0.90 995.16 4053.98 7452.01 -5.61 94.10 -27.61 -0.80 -0.57 0.03 0.86 0.30 -0.40 596226
0.12 995.26 4053.98 7452.01 26.52 17.11 -13.24 -0.82 -0.15 0.56 0.76 0.17 -0.55 596726
1.28 995.12 4053.98 7452.01 -6.14 2.66 4.14 -0.86 -0.27 0.46 0.82 0.19 -0.55 597224
0.48 995.21 4053.98 7452.01 -22.76 -10.45 3.79 -0.85 -0.18 0.59 0.81 0.17 -0.60 597728
0.67 995.19 4053.98 7452.01 18.37 -34.78 8.65 -0.70 -0.20 0.59 0.81 0.15 -0.63 598228
-0.08 995.28 4053.98 7452.01 25.57 15.08 4.67 -0.91 -0.25 0.42 0.77 0.18 -0.55 598729
0.23 995.24 4053.98 7452.01 -2.81 3.05 14.32 -0.82 -0.27 0.54 0.80 0.20 -0.56 599229
0.20 995.25 4053.98 7452.01 -15.04 -13.27 17.99 -0.74 -0.38 0.51 0.83 0.21 -0.60 599734
0.14 995.25 4053.98 7452.01 5.92 -1.63 -7.79 -0.86 -0.36 0.54 0.85 0.23 -0.59 600232
0.45 995.22 4053.98 7452.01 -1.83 2.18 -4.40 -0.83 -0.36 0.51 0.85 0.22 -0.59 600733
0.45 995.22 4053.98 7452.01 1.51 5.06 2.32 -0.81 -0.33 0.55 0.84 0.21 -0.59 601232
0.36 995.23 4053.98 7452.01 0.38 1.47 -3.98 -0.81 -0.35 0.56 0.84 0.22 -0.59 601735
0.99 995.15 4053.98 7452.01 3.68 5.71 -1.75 -0.81 -0.33 0.54 0.84 0.22 -0.59 602235
0.69 995.19 4053.98 7452.01 2.70 2.85 -15.85 -0.82 -0.23 0.57 0.83 0.20 -0.61 602737
0.86 995.17 4053.98 7452.01 -1.78 -14.86 -46.60 -0.81 -0.25 0.45 0.79 0.18 -0.57 603241
0.41 995.22 4053.98 7452.01 29.65 -1.16 -17.94 -0.75 -0.09 0.55 0.79 0.14 -0.61 603742
1.05 995.15 4053.98 7452.01 57.88 47.31 10.65 -0.77 -0.48 0.60 0.77 0.18 -0.53 604241
0.36 995.23 4053.98 7452.01 -1.35 -9.37 -1.86 -0.76 -0.48 0.45 0.77 0.22 -0.42 604742
1.10 995.14 4053.98 7452.01 16.06 -23.24 24.56 -0.72 -0.65 0.31 0.81 0.27 -0.36 605244
0.54 995.21 4053.98 7452.01 13.27 19.93 35.11 -0.56 -0.85 0.01 0.93 0.30 -0.23 605745
1.23 995.12 4053.98 7452.01 11.23 -43.00 -26.67 -0.50 -1.03 0.13 0.99 0.31 -0.21 606247
1.81 995.06 4053.98 7452.01 -16.32 5.28 -17.75 -0.45 -0.90 0.07 0.93 0.29 -0.21 606747
1.14 995.13 4053.98 7452.01 9.57 -5.02 2.36 -0.51 -0.94 0.02 0.94 0.30 -0.21 607245
0.91 995.16 4053.98 7452.01 22.29 -23.20 -2.07 -0.28 -0.84 -0.11 1.00 0.28 -0.16 607751
1.23 995.13 4053.98 7452.01 12.96 -0.25 -28.66 -0.39 -0.92 -0.25 0.96 0.23 -0.10 608251
1.11 995.14 4053.98 7452.01 34.82 86.45 48.13 -0.46 -0.83 -0.17 0.88 0.19 -0.11 608751
0.98 995.15 4053.98 7452.01 32.52 46.56 2.84 -0.46 -0.89 -0.44 0.81 0.15 -0.15 609251
1.21 995.13 4053.98 7452.01 2.30 45.64 9.14 -0.53 -0.72 -0.27 0.78 0.13 -0.17 609752
1.34 995.11 4053.98 7452.01 13.13 38.47 -5.29 -0.64 -0.91 -0.20 0.72 0.15 -0.32 610254
0.80 995.18 4053.98 7452.01 33.27 21.48 29.58 -0.47 -0.80 -0.29 0.74 0.19 -0.38 610755
1.24 995.12 4053.98 7452.01 -12.98 -25.94 -14.49 -0.34 -0.80 -0.15 0.77 0.22 -0.32 611259
0.93 995.16 4053.98 7452.01 3.64 39.66 0.70 -0.41 -1.03 -0.23 0.77 0.23 -0.36 611756
0.69 995.19 4053.98 7452.01 13.90 -8.59 -11.27 -0.55 -1.13 -0.14 0.77 0.23 -0.38 612259
0.81 995.17 4053.98 7452.01 3.57 0.91 13.16 -0.47 -1.13 -0.14 0.77 0.23 -0.35 612757
1.02 995.15 4053.98 7452.01 25.34 -16.25 5.30 -0.73 -1.11 -0.38 0.80 0.26 -0.35 613260
0.63 995.20 4053.98 7452.01 10.60 4.31 -5.14 -0.43 -1.02 -0.26 0.81 0.27 -0.34 613761
0.85 995.17 4053.98 7452.01 2.34 -5.03 -1.45 -0.40 -0.93 -0.18 0.78 0.24 -0.37 614261
0.93 995.16 4053.98 7452.01 3.43 35.64 9.31 -0.40 -0.83 -0.05 0.76 0.22 -0.40 614761
0.77 995.18 4053.98 7452.02 42.18 1.10 22.65 -0.42 -0.89 -0.15 0.79 0.24 -0.43 615263
1.23 995.12 4053.98 7452.02 -1.04 32.63 5.45 -0.17 -0.57 -0.30 0.78 0.23 -0.32 615764
0.84 995.17 4053.98 7452.02 -6.35 3.57 -2.06 -0.33 -0.48 -0.13 0.79 0.25 -0.41 616265
0.67 995.19 4053.98 7452.02 -24.72 -18.22 6.40 -0.31 -0.65 -0.07 0.77 0.23 -0.43 616768
1.01 995.15 4053.98 7452.02 5.72 -6.17 -0.34 -0.32 -0.49 0.04 0.76 0.22 -0.47 617267
0.97 995.16 4053.98 7452.02 -13.21 -39.72 -14.93 -0.40 -0.52 -0.05 0.74 0.18 -0.41 617774
0.84 995.17 4053.98 7452.02 -3.08 20.57 19.33 -0.37 -0.61 -0.09 0.74 0.19 -0.44 618271
0.54 995.21 4053.98 7452.02 -16.66 -6.55 10.81 -0.29 -0.88 0.06 0.78 0.24 -0.42 618772
0.51 995.21 4053.98 7452.02 -8.77 5.71 12.07 -0.27 -0.79 -0.03 0.81 0.26 -0.46 619273
0.97 995.16 4053.98 7452.02 -13.27 -29.36 -7.80 -0.34 -1.02 -0.30 0.82 0.26 -0.42 619777
0.94 995.16 4053.98 7452.02 -4.78 13.21 9.85 -0.22 -1.12 0.11 0.84 0.28 -0.48 620273
1.20 995.13 4053.98 7452.02 -16.75 -67.53 -38.21 -0.69 -1.35 -0.20 0.81 0.26 -0.43 620779
0.72 995.19 4053.98 7452.02 -2.77 44.90 35.60 -0.47 -1.27 -0.09 0.78 0.23 -0.44 621278
0.36 995.23 4053.98 7452.02 13.90 -51.96 -9.86 -0.58 -1.33 -0.25 0.84 0.28 -0.45 621779
0.41 995.22 4053.98 7452.02 -4.66 10.78 12.82 -0.27 -1.24 0.12 0.85 0.28 -0.50 622278
0.53 995.21 4053.98 7452.02 13.70 -5.80 -16.57 -0.32 -1.09 -0.12 0.87 0.29 -0.50 622781
1.11 995.14 4053.98 7452.02 13.75 33.98 -10.70 -0.38 -0.93 0.15 0.86 0.26 -0.54 623282
1.39 995.11 4053.98 7452.02 9.24 -2.16 8.81 -0.31 -0.87 0.02 0.90 0.28 -0.57 623779
0.48 995.21 4053.98 7452.02 -4.41 -8.07 -4.51 -0.28 -0.95 0.05 0.92 0.28 -0.56 624282
1.27 995.12 4053.98 7452.02 31.06 43.45 2.64 -0.28 -1.00 0.11 0.94 0.29 -0.57 624782
1.24 995.12 4053.98 7452.02 54.57 19.37 -6.24 -0.41 -0.85 -0.29 0.99 0.33 -0.50 625286
0.88 995.17 4053.98 7452.02 -21.51 6.92 20.48 -0.31 -0.75 -0.33 0.98 0.35 -0.41 625786
1.01 995.15 4053.98 7452.02 -1.52 -9.56 -27.57 -0.41 -1.02 -0.27 0.98 0.35 -0.43 626288
1.45 995.10 4053.98 7452.02 18.51 -11.05 31.10 -0.45 -1.02 -0.21 0.94 0.33 -0.46 626789
1.18 995.13 4053.98 7452.02 30.33 20.67 6.55 -0.30 -0.80 -0.33 1.00 0.35 -0.39 627289
1.02 995.15 4053.98 7452.02 21.03 4.61 18.03 -0.01 -1.04 -0.61 1.08 0.37 -0.39 627789
1.27 995.12 4053.98 7452.02 50.39 63.67 -33.52 -0.40 -1.08 -0.12 1.00 0.35 -0.47 628292
0.99 995.15 4053.98 7452.02 -47.01 2.56 41.38 -0.29 -0.80 -0.24 1.07 0.36 -0.47 628792
0.96 995.16 4053.99 7452.02 -45.57 4.46 1.69 0.02 -0.89 0.44 1.15 0.25 -0.69 629291
1.37 995.11 4053.99 7452.02 -83.64 -32.55 6.86 -0.01 -0.65 0.93 1.18 0.04 -0.82 629794
0.78 995.18 4053.99 7452.02 64.82 -47.43 59.17 0.22 -0.63 0.67 1.13 -0.05 -0.84 630295
0.85 995.17 4053.99 7452.02 37.95 6.46 -5.71 -0.61 -1.10 1.10 1.04 0.18 -0.75 630794
0.66 995.19 4053.99 7452.02 2.98 12.14 34.06 -0.11 -0.80 0.44 1.06 0.17 -0.75 631296
0.67 995.19 4053.99 7452.02 20.68 33.47 -0.90 0.05 -1.08 0.22 1.16 0.27 -0.66 631796
0.73 995.18 4053.99 7452.02 -1.74 11.78 -6.62 0.21 -0.90 0.07 1.26 0.27 -0.63 632297
0.80 995.18 4053.99 7452.02 9.15 2.84 4.89 0.16 -1.01 -0.05 1.27 0.28 -0.58 632796
0.39 995.22 4053.99 7452.03 0.32 -11.63 -9.79 0.14 -1.06 0.00 1.20 0.31 -0.58 633299
-0.02 995.27 4053.99 7452.03 18.00 14.41 4.05 0.14 -1.05 0.06 1.18 0.31 -0.58 633800
0.55 995.21 4053.99 7452.03 -28.31 36.34 3.13 0.10 -0.98 0.06 1.20 0.29 -0.61 634301
1.05 995.15 4053.99 7452.03 43.04 92.46 8.72 0.05 -1.08 0.01 1.34 0.29 -0.50 634802
1.44 995.10 4053.99 7452.03 -25.46 73.25 11.44 0.18 -0.89 -0.04 1.44 0.24 -0.37 635307
0.66 995.19 4053.99 7452.03 -38.07 75.14 -27.63 0.09 -0.90 -0.02 1.30 0.29 -0.23 635808
0.59 995.20 4053.99 7452.03 26.59 1.24 20.51 0.06 -1.00 -0.08 1.20 0.32 -0.22 636306
1.04 995.15 4053.99 7452.03 -0.05 -92.16 -5.06 0.09 -0.99 -0.10 1.32 0.30 -0.27 636810
1.35 995.11 4053.99 7452.03 8.12 -69.12 27.91 0.14 -1.12 -0.13 1.34 0.30 -0.37 637309
0.72 995.19 4053.99 7452.03 41.57 -80.59 -12.82 0.10 -0.90 0.04 1.28 0.31 -0.51 637811
0.78 995.18 4053.99 7452.03 -4.15 -32.09 0.96 0.09 -1.01 -0.11 1.26 0.32 -0.48 638311
0.46 995.22 4053.99 7452.03 -10.43 -2.52 -1.44 -0.11 -0.92 0.03 1.16 0.32 -0.55 638814
0.83 995.17 4053.99 7452.03 2.31 12.01 1.19 0.14 -1.14 -0.11 1.18 0.33 -0.55 639311
0.35 995.23 4053.99 7452.03 -4.00 13.10 -2.46 -0.26 -1.13 -0.62 1.22 0.34 -0.51 639815
0.47 995.21 4053.99 7452.03 -8.28 15.33 3.99 0.10 -1.05 -0.09 1.19 0.36 -0.52 640314
0.28 995.24 4053.99 7452.03 19.66 3.62 16.29 0.04 -1.08 -0.05 1.25 0.33 -0.52 640816
0.51 995.21 4053.99 7452.03 -9.76 -34.46 -35.83 0.29 -1.08 -0.19 1.27 0.34 -0.47 641319
0.29 995.24 4053.99 7452.03 -14.55 -4.58 20.85 -0.23 -0.98 0.03 0.96 0.31 -0.56 641819
0.95 995.16 4053.99 7452.03 3.58 -18.24 -17.75 -0.29 -1.01 0.03 0.91 0.28 -0.55 642320
0.32 995.23 4053.99 7452.03 -11.98 12.95 10.42 -0.38 -0.88 0.05 0.86 0.25 -0.57 642822
1.51 995.09 4053.99 7452.03 4.09 6.05 -5.17 -0.35 -0.95 0.11 0.89 0.26 -0.58 643319
0.54 995.21 4053.99 7452.03 3.52 0.03 -8.49 -0.44 -0.93 0.01 0.86 0.24 -0.58 643820
0.41 995.22 4053.99 7452.03 0.38 -4.29 11.11 -0.51 -0.82 0.18 0.82 0.19 -0.60 644322
0.10 995.26 4053.99 7452.03 15.72 -27.50 -2.71 -0.28 -0.96 0.05 0.88 0.25 -0.59 644826
0.74 995.18 4053.99 7452.03 -24.00 -75.65 -13.61 -0.28 -0.99 0.07 0.83 0.24 -0.55 645328
0.60 995.20 4053.99 7452.03 -7.17 -2.45 18.84 -0.54 -0.81 -0.09 0.75 0.17 -0.52 645827
0.32 995.23 4053.99 7452.03 -25.44 -10.51 -24.51 -0.46 -0.85 0.31 0.79 0.18 -0.58 646330
-0.07 995.28 4053.99 7452.03 -5.38 -43.82 3.04 -0.66 -0.90 0.19 0.72 0.11 -0.54 646830
0.34 995.23 4053.99 7452.03 4.11 -20.01 22.36 0.39 -0.46 -0.84 0.71 0.11 -0.51 647329
0.73 995.18 4053.99 7452.03 16.49 -9.11 -9.77 -0.72 -0.78 -0.01 0.73 0.16 -0.48 647831
0.73 995.18 4053.99 7452.03 8.79 5.85 6.95 -0.46 -0.81 0.08 0.74 0.17 -0.49 648328
0.38 995.23 4053.99 7452.03 -19.47 9.95 14.16 -0.49 -0.87 0.40 0.76 0.19 -0.50 648833
0.74 995.18 4053.99 7452.03 42.52 -4.96 -23.21 -0.43 -0.97 0.15 0.75 0.20 -0.45 649334
0.38 995.23 4053.99 7452.03 8.51 -24.25 24.07 -0.54 -0.85 0.05 0.74 0.18 -0.47 649834
0.86 995.17 4053.99 7452.03 -6.63 13.75 -50.15 -0.37 -0.85 0.29 0.79 0.19 -0.57 650336
0.08 995.26 4053.99 7452.03 -36.15 -11.88 -7.27 -0.53 -0.35 0.20 0.72 -0.02 -0.60 650840
0.31 995.23 4053.99 7452.03 -27.05 -6.87 -9.18 -0.44 -0.41 0.30 0.75 -0.07 -0.64 651339
0.38 995.23 4053.99 7452.03 14.91 41.17 -26.45 -0.73 -0.53 0.42 0.68 -0.04 -0.54 651840
0.78 995.18 4053.99 7452.03 -2.09 5.36 -16.60 -0.82 -0.42 0.32 0.70 -0.10 -0.57 652341
0.91 995.16 4053.99 7452.03 -36.72 -27.59 0.37 -0.92 -0.35 0.37 0.70 -0.10 -0.56 652844
0.48 995.21 4053.99 7452.03 -9.08 29.06 -2.14 -0.92 -0.30 0.55 0.69 -0.13 -0.53 653343
0.64 995.19 4053.99 7452.03 5.50 3.63 2.08 -1.08 -0.34 0.54 0.69 -0.14 -0.52 653841
1.01 995.15 4053.99 7452.03 14.16 7.13 2.49 -1.24 -0.35 0.65 0.69 -0.16 -0.53 654344
0.75 995.18 4053.99 7452.03 2.94 3.66 -11.41 -1.12 -0.23 0.57 0.71 -0.20 -0.55 654845
0.55 995.21 4053.99 7452.03 -0.11 -2.71 12.88 -0.89 -0.31 0.37 0.72 -0.22 -0.57 655347
0.77 995.18 4053.99 7452.03 1.92 -8.39 -6.96 -0.83 -0.22 0.49 0.72 -0.23 -0.56 655847
0.33 995.23 4053.99 7452.03 8.72 4.82 14.02 -0.70 -0.21 0.26 0.73 -0.24 -0.56 656348
0.09 995.26 4053.99 7452.03 2.61 11.69 -10.32 -0.63 -0.14 0.35 0.72 -0.24 -0.55 656850
1.10 995.14 4053.99 7452.03 -4.07 -6.64 6.01 -0.76 -0.15 0.36 0.72 -0.24 -0.54 657350
0.41 995.22 4053.99 7452.03 -0.23 -3.65 4.51 -0.76 -0.23 0.42 0.71 -0.18 -0.57 657851
0.86 995.17 4053.99 7452.03 2.28 2.12 -1.56 -0.98 -0.11 0.45 0.71 -0.22 -0.54 658352
0.40 995.22 4053.99 7452.03 7.85 14.95 9.37 -0.86 -0.19 0.54 0.71 -0.18 -0.56 658852
0.62 995.20 4053.99 7452.03 -10.58 -24.81 -13.63 -1.10 -0.16 0.63 0.71 -0.21 -0.54 659358
0.72 995.18 4053.99 7452.03 10.30 27.44 9.93 -1.13 -0.26 0.66 0.71 -0.19 -0.56 659855
0.67 995.19 4053.99 7452.03 -1.82 -7.42 2.93 -1.11 -0.21 0.60 0.70 -0.19 -0.55 660357
0.78 995.18 4053.99 7452.03 -4.30 1.84 12.67 -0.89 -0.34 0.46 0.70 -0.16 -0.53 660857
0.61 995.20 4054.00 7452.03 -4.50 -13.11 -3.61 -0.85 -0.29 0.52 0.69 -0.17 -0.54 661360
0.91 995.16 4054.00 7452.03 13.76 -3.79 10.99 -0.85 -0.32 0.26 0.70 -0.17 -0.53 661860
0.75 995.18 4054.00 7452.03 1.78 10.50 1.68 -0.67 -0.24 0.36 0.69 -0.18 -0.51 662360
0.73 995.18 4054.00 7452.03 1.34 9.20 -8.93 -0.82 -0.17 0.32 0.69 -0.19 -0.51 662860
0.85 995.17 4054.00 7452.03 -12.36 16.71 -18.02 -0.80 -0.15 0.44 0.71 -0.21 -0.54 663365
0.69 995.19 4054.00 7452.03 -3.52 -12.33 6.26 -0.96 -0.10 0.58 0.72 -0.23 -0.56 663864
0.53 995.21 4054.00 7452.04 10.25 4.74 -14.39 -0.85 -0.10 0.60 0.71 -0.19 -0.57 664366
-0.07 995.28 4054.00 7452.04 0.75 -33.25 -6.69 -1.08 -0.11 0.81 0.74 -0.25 -0.57 664867
0.97 995.15 4054.00 7452.04 13.00 6.26 0.38 -1.08 -0.17 0.72 0.73 -0.22 -0.58 665365
0.36 995.23 4054.00 7452.04 -3.92 -8.61 -1.91 -1.10 -0.15 0.76 0.73 -0.22 -0.57 665868
0.16 995.25 4054.00 7452.04 18.95 16.15 10.02 -1.06 -0.24 0.68 0.73 -0.24 -0.58 666370
0.11 995.26 4054.00 7452.04 -8.01 -3.91 -4.46 -0.96 -0.19 0.70 0.72 -0.22 -0.57 666870
0.99 995.15 4054.00 7452.04 9.19 2.60 -0.25 -0.86 -0.27 0.49 0.73 -0.23 -0.58 667369
0.76 995.18 4054.00 7452.04 12.93 -18.70 0.17 -0.64 -0.17 0.34 0.74 -0.24 -0.58 667872
-0.03 995.27 4054.00 7452.04 19.71 1.62 7.89 -0.37 -0.11 -0.20 0.74 -0.26 -0.57 668374
0.85 995.17 4054.00 7452.04 1.03 -1.58 -7.23 -0.67 -0.03 0.28 0.74 -0.28 -0.55 668873
0.57 995.20 4054.00 7452.04 -2.71 -8.31 5.32 -0.96 -0.01 0.50 0.74 -0.29 -0.52 669374
0.32 995.23 4054.00 7452.04 13.60 -10.26 -14.03 -0.80 -0.14 0.53 0.75 -0.24 -0.60 669879
0.39 995.22 4054.00 7452.04 -1.67 -6.40 1.01 -1.06 -0.03 0.74 0.75 -0.26 -0.60 670377
0.94 995.16 4054.00 7452.04 20.40 22.68 -5.73 -0.74 -0.23 0.71 0.77 -0.22 -0.66 670879
0.54 995.21 4054.00 7452.04 4.33 14.06 19.41 -0.87 -0.20 0.73 0.80 -0.20 -0.70 671379
0.59 995.20 4054.00 7452.04 25.86 -24.96 -19.96 -0.81 -0.20 0.68 0.81 -0.18 -0.71 671884
-0.13 995.28 4054.00 7452.04 9.90 -19.01 -7.77 -0.79 -0.31 0.66 0.84 -0.19 -0.73 672384
0.47 995.21 4054.00 7452.04 2.57 0.25 2.56 -0.54 -0.24 0.54 0.82 -0.18 -0.72 672880
0.46 995.22 4054.00 7452.04 28.26 -2.14 -25.99 -0.64 -0.20 0.80 0.87 -0.18 -0.75 673385
0.02 995.27 4054.00 7452.04 18.70 -13.34 8.25 -0.86 -0.20 0.63 0.87 -0.19 -0.75 673886
0.60 995.20 4054.00 7452.04 6.77 -0.21 -4.51 -0.77 -0.32 0.44 0.83 -0.13 -0.73 674385
0.64 995.19 4054.00 7452.04 -6.76 22.56 85.18 -0.61 -0.53 0.34 0.82 -0.03 -0.72 674887
0.72 995.18 4054.00 7452.04 -34.89 26.35 28.13 -0.25 -0.73 0.69 0.98 0.06 -0.78 675388
0.50 995.21 4054.00 7452.04 -31.17 8.78 13.06 -0.06 -0.59 0.62 1.04 -0.01 -0.82 675890
0.88 995.17 4054.00 7452.04 -1.92 -10.89 -27.14 0.15 -0.40 0.77 1.10 -0.03 -0.83 676391
0.79 995.18 4054.00 7452.04 -31.47 -10.55 18.30 0.09 -0.45 0.99 1.13 -0.08 -0.85 676892
0.71 995.19 4054.00 7452.04 -37.05 -25.00 -10.65 0.29 0.05 1.06 1.20 -0.21 -0.84 677393
0.93 995.16 4054.00 7452.04 -63.88 -21.68 31.31 0.23 0.21 1.12 1.16 -0.37 -0.79 677894
0.80 995.17 4054.00 7452.04 10.06 -8.01 54.14 0.16 0.66 0.82 1.06 -0.51 -0.65 678392
1.15 995.13 4054.00 7452.04 35.41 46.10 30.84 0.07 0.37 0.84 1.02 -0.39 -0.74 678893
1.13 995.14 4054.00 7452.04 -31.75 -27.81 27.48 0.02 0.74 0.95 1.04 -0.40 -0.75 679396
0.78 995.18 4054.00 7452.04 7.78 -0.80 24.11 -0.02 0.60 0.83 1.00 -0.39 -0.73 679896
1.05 995.15 4054.00 7452.04 -8.69 -24.16 -13.11 -0.08 0.74 0.86 1.00 -0.43 -0.70 680399
1.32 995.11 4054.00 7452.04 -9.06 -5.52 -16.51 -0.09 0.81 0.81 0.99 -0.47 -0.66 680899
0.47 995.21 4054.00 7452.04 -27.37 -17.48 0.27 -0.16 1.10 0.81 0.97 -0.49 -0.62 681400
0.83 995.17 4054.00 7452.04 5.82 -12.26 -34.01 -0.14 0.97 0.65 0.96 -0.51 -0.57 681902
0.80 995.18 4054.00 7452.04 -4.09 14.26 0.64 -0.10 0.68 0.58 0.98 -0.53 -0.55 682400
1.06 995.14 4054.00 7452.04 10.76 26.00 28.23 -0.09 0.53 0.50 0.97 -0.51 -0.57 682902
0.52 995.21 4054.01 7452.04 1.19 35.61 51.82 -0.03 0.52 0.56 0.94 -0.45 -0.65 683402
1.33 995.11 4054.01 7452.04 5.96 -27.01 -7.27 -0.15 1.00 0.67 0.95 -0.44 -0.67 683915
1.34 995.11 4054.01 7452.04 -2.84 -0.21 21.41 -0.09 0.78 0.71 0.97 -0.42 -0.71 684405
1.03 995.15 4054.01 7452.04 -0.80 -0.04 18.02 -0.14 0.89 0.51 0.95 -0.42 -0.67 684906
0.37 995.23 4054.01 7452.04 26.87 -2.53 -9.58 -0.16 0.84 0.53 0.92 -0.41 -0.67 685407
1.00 995.15 4054.01 7452.04 -5.51 -26.73 -6.04 -0.09 0.63 0.59 0.92 -0.41 -0.66 685910
1.29 995.12 4054.01 7452.04 0.11 7.08 -13.39 -0.15 0.58 0.54 0.91 -0.45 -0.61 686408
1.00 995.15 4054.01 7452.04 -15.86 6.23 -9.29 -0.30 0.73 0.73 0.92 -0.45 -0.61 686928
0.97 995.16 4054.01 7452.04 -9.65 3.51 -7.18 -0.16 0.88 0.48 0.92 -0.49 -0.57 687411
0.76 995.18 4054.01 7452.04 3.25 -0.46 8.15 -0.17 0.93 0.62 0.94 -0.49 -0.57 687911
1.15 995.13 4054.01 7452.04 -15.46 -12.86 -14.39 -0.22 0.99 0.66 0.95 -0.51 -0.55 688417
1.01 995.15 4054.01 7452.04 18.06 16.61 -0.40 -0.15 0.91 0.55 0.97 -0.52 -0.55 688933
1.31 995.12 4054.01 7452.04 37.86 32.95 -15.93 0.03 0.60 0.67 0.99 -0.49 -0.64 689417
0.90 995.16 4054.01 7452.04 10.81 -2.39 -10.67 0.15 0.49 0.68 1.09 -0.45 -0.72 689917
1.40 995.10 4054.01 7452.04 14.94 41.01 -41.24 0.49 0.35 0.63 1.25 -0.43 -0.75 690418
1.70 995.07 4054.01 7452.04 3.70 -60.30 4.04 0.83 0.21 0.49 1.49 -0.33 -0.69 690917
1.95 995.04 4054.01 7452.04 39.09 -22.70 19.24 0.57 0.19 0.80 1.31 -0.20 -0.83 691421
1.53 995.09 4054.01 7452.04 16.40 -40.58 7.53 0.49 0.11 0.96 1.20 -0.19 -0.85 691920
1.18 995.13 4054.01 7452.04 7.27 -0.36 1.14 0.24 0.25 1.03 1.10 -0.23 -0.84 692419
1.31 995.12 4054.01 7452.04 16.55 -22.22 14.67 0.10 0.08 0.86 1.00 -0.17 -0.82 692924
1.16 995.13 4054.01 7452.04 -20.44 20.54 2.87 0.06 0.17 0.78 0.99 -0.22 -0.81 693424
1.96 995.04 4054.01 7452.04 -1.71 5.93 26.21 -0.01 0.18 0.92 0.97 -0.23 -0.81 693924
0.94 995.16 4054.01 7452.04 -8.79 -29.26 -27.97 -0.14 0.45 0.93 0.94 -0.27 -0.77 694428
1.06 995.14 4054.01 7452.04 -12.20 -24.51 -8.98 -0.13 0.40 1.00 0.95 -0.31 -0.76 694929
0.89 995.16 4054.01 7452.04 21.40 7.13 -21.75 -0.02 0.54 1.17 0.96 -0.36 -0.74 695429
0.47 995.21 4054.01 7452.04 29.21 -11.79 1.82 -0.10 0.06 1.21 1.01 -0.24 -0.81 695929
1.59 995.08 4054.01 7452.04 -3.43 13.58 -7.10 -0.12 0.09 1.42 0.98 -0.20 -0.81 696430
0.82 995.17 4054.01 7452.04 19.42 17.42 -13.23 -0.07 0.01 1.24 1.00 -0.18 -0.82 696932
1.06 995.14 4054.01 7452.04 3.71 -15.81 -18.32 0.17 -0.16 0.63 1.00 -0.13 -0.82 697434
1.02 995.15 4054.01 7452.04 9.44 9.90 -2.54 0.07 -0.10 0.80 0.99 -0.15 -0.81 697931
0.97 995.15 4054.01 7452.04 -1.57 27.89 10.50 0.08 -0.13 0.70 1.00 -0.16 -0.81 698434
1.26 995.12 4054.01 7452.04 12.83 -4.16 -14.40 -0.01 -0.14 0.98 0.98 -0.15 -0.82 698937
1.11 995.14 4054.01 7452.04 -5.84 -10.84 14.69 -0.09 -0.26 1.04 0.98 -0.13 -0.82 699439
0.89 995.16 4054.01 7452.04 -18.44 -38.40 0.96 -0.34 0.00 1.47 0.98 -0.19 -0.81 699938
0.97 995.15 4054.01 7452.04 3.05 1.24 0.45 -0.13 0.03 1.19 0.96 -0.24 -0.79 700435
0.99 995.15 4054.01 7452.04 11.38 0.95 -9.88 -0.04 -0.04 0.95 0.97 -0.19 -0.81 700939
0.76 995.18 4054.01 7452.04 0.25 2.69 -13.81 -0.18 0.05 0.94 0.97 -0.24 -0.79 701440
0.98 995.15 4054.01 7452.04 -28.45 -41.88 37.97 -0.12 -0.02 0.97 0.92 -0.23 -0.78 701961
1.15 995.13 4054.01 7452.04 -4.81 10.71 6.73 -0.27 0.21 0.97 0.87 -0.25 -0.73 702441
1.05 995.15 4054.01 7452.04 -2.92 -1.54 33.59 -0.32 0.26 0.96 0.86 -0.26 -0.72 702963
1.30 995.12 4054.01 7452.04 -7.45 9.49 34.42 -0.28 0.13 0.99 0.86 -0.18 -0.75 703443
0.88 995.17 4054.01 7452.04 4.59 -5.29 2.68 -0.21 0.09 0.92 0.87 -0.12 -0.76 703987
1.15 995.13 4054.01 7452.04 4.52 -3.73 -7.25 -0.26 0.17 0.93 0.86 -0.13 -0.76 704445
1.45 995.10 4054.01 7452.04 -7.43 4.11 -9.62 -0.27 0.20 0.95 0.86 -0.18 -0.74 704969
1.23 995.12 4054.01 7452.04 8.10 -3.43 -1.94 -0.25 0.16 0.92 0.85 -0.18 -0.74 705448
1.59 995.08 4054.01 7452.04 9.87 4.17 2.81 -0.24 0.17 1.00 0.86 -0.15 -0.75 705947
1.57 995.08 4054.01 7452.04 -2.53 -5.27 1.12 -0.25 0.14 0.96 0.87 -0.15 -0.75 706450
1.08 995.14 4054.01 7452.04 -0.11 -1.84 0.90 -0.28 0.14 0.98 0.86 -0.16 -0.75 706973
1.25 995.12 4054.01 7452.04 -0.30 5.96 -4.45 -0.26 0.15 0.93 0.85 -0.16 -0.75 707452
1.33 995.11 4054.01 7452.04 -0.98 -0.05 -2.09 -0.28 0.17 0.96 0.85 -0.17 -0.74 708016
1.29 995.12 4054.01 7452.04 0.96 -2.65 1.57 -0.32 0.20 0.95 0.85 -0.19 -0.74 708453
0.75 995.18 4054.01 7452.04 2.55 1.30 -2.89 -0.33 0.22 0.94 0.84 -0.18 -0.73 709019
1.34 995.11 4054.01 7452.04 3.52 -1.00 -3.23 -0.33 0.21 0.94 0.83 -0.19 -0.72 709456
0.83 995.17 4054.01 7452.04 0.61 2.00 -0.50 -0.32 0.22 0.93 0.83 -0.19 -0.72 710019
1.28 995.12 4054.01 7452.04 -0.31 -0.33 -3.26 -0.34 0.23 0.93 0.83 -0.20 -0.72 710459
1.14 995.13 4054.01 7452.04 13.59 7.07 5.67 -0.34 0.22 0.97 0.84 -0.19 -0.73 710959
1.41 995.10 4054.01 7452.04 63.65 31.75 -17.88 -0.00 -0.17 0.74 0.91 -0.03 -0.77 711463
1.16 995.13 4054.01 7452.04 37.24 15.02 -38.85 -0.02 -0.51 1.01 0.94 0.06 -0.78 711963
1.32 995.11 4054.01 7452.04 32.00 -12.85 -47.85 -0.33 -0.71 0.60 0.85 0.11 -0.69 712465
1.23 995.12 4054.01 7452.04 -25.56 -23.12 -36.52 -0.61 -0.62 0.59 0.77 0.00 -0.66 713028
1.50 995.09 4054.01 7452.04 -11.10 24.04 -21.84 -0.78 -0.39 0.54 0.74 -0.16 -0.62 713468
0.77 995.18 4054.01 7452.04 -22.75 13.93 -7.95 -0.69 -0.03 0.83 0.83 -0.27 -0.69 713987
0.99 995.15 4054.01 7452.04 -18.63 1.24 27.62 -0.71 0.08 0.80 0.86 -0.33 -0.67 714467
0.93 995.16 4054.01 7452.04 -7.37 -5.29 8.45 -0.66 0.10 0.76 0.83 -0.33 -0.63 715022
0.59 995.20 4054.01 7452.04 1.93 -9.57 -0.06 -0.72 0.15 0.73 0.82 -0.32 -0.62 715468
0.37 995.23 4054.01 7452.04 2.97 8.10 1.44 -0.74 0.11 0.85 0.83 -0.31 -0.63 716044
1.40 995.10 4054.01 7452.04 3.26 1.08 0.31 -0.68 0.06 0.75 0.83 -0.31 -0.63 716468
0.92 995.16 4054.01 7452.04 2.34 5.48 0.04 -0.63 0.08 0.81 0.84 -0.31 -0.64 716969
0.62 995.20 4054.01 7452.04 2.09 -2.81 0.49 -0.63 0.05 0.80 0.84 -0.32 -0.64 717471
1.48 995.09 4054.01 7452.04 2.24 -1.98 0.56 -0.65 0.07 0.78 0.83 -0.31 -0.63 717976
0.91 995.16 4054.01 7452.04 2.61 0.80 0.44 -0.65 0.07 0.78 0.83 -0.31 -0.64 718472
1.05 995.15 4054.01 7452.04 2.58 -0.68 0.17 -0.65 0.06 0.79 0.83 -0.32 -0.62 718994
0.66 995.19 4054.01 7452.04 2.32 0.45 0.60 -0.65 0.07 0.79 0.83 -0.32 -0.63 719474
1.06 995.14 4054.01 7452.04 2.33 0.84 0.45 -0.65 0.06 0.79 0.83 -0.32 -0.62 719986
1.14 995.13 4054.01 7452.04 2.37 0.37 0.50 -0.65 0.07 0.79 0.83 -0.32 -0.63 720476
1.05 995.15 4054.01 7452.04 2.19 0.34 0.39 -0.65 0.07 0.78 0.83 -0.32 -0.64 721074
0.68 995.19 4054.01 7452.04 2.27 0.25 0.44 -0.66 0.07 0.78 0.83 -0.32 -0.63 721478
0.83 995.17 4054.01 7452.04 2.07 0.80 0.57 -0.64 0.07 0.79 0.83 -0.32 -0.63 722041
0.71 995.19 4054.01 7452.04 2.38 0.24 0.41 -0.65 0.07 0.78 0.83 -0.32 -0.63 722481
1.15 995.13 4054.01 7452.04 2.21 -0.29 0.44 -0.65 0.06 0.78 0.83 -0.32 -0.63 723043
0.97 995.15 4054.01 7452.04 2.55 0.38 0.35 -0.66 0.06 0.78 0.83 -0.31 -0.63 723483
0.55 995.20 4054.01 7452.04 2.22 0.30 0.60 -0.66 0.06 0.79 0.83 -0.31 -0.64 724080
0.96 995.16 4054.01 7452.04 2.29 0.08 0.73 -0.65 0.07 0.78 0.83 -0.31 -0.64 724486
1.13 995.14 4054.01 7452.04 2.41 0.54 0.62 -0.67 0.06 0.79 0.83 -0.31 -0.63 725080
0.71 995.19 4054.01 7452.04 2.26 0.28 0.48 -0.65 0.06 0.78 0.83 -0.31 -0.63 725487
1.45 995.10 4054.01 7452.04 2.48 0.17 0.38 -0.65 0.07 0.78 0.83 -0.31 -0.63 726066
1.48 995.09 4054.02 7452.04 2.35 0.35 0.67 -0.65 0.07 0.79 0.83 -0.31 -0.63 726490
1.64 995.08 4054.02 7452.04 2.23 0.16 0.38 -0.67 0.07 0.78 0.83 -0.31 -0.63 727063
0.70 995.19 4054.02 7452.04 2.26 1.91 0.30 -0.66 0.07 0.79 0.84 -0.32 -0.63 727491
0.72 995.18 4054.02 7452.04 2.71 0.68 0.03 -0.66 0.06 0.80 0.83 -0.31 -0.64 728055
1.25 995.12 4054.02 7452.04 2.31 -2.76 0.59 -0.71 0.07 0.76 0.83 -0.32 -0.63 728495
1.11 995.14 4054.02 7452.04 2.32 0.17 0.60 -0.65 0.07 0.79 0.83 -0.32 -0.64 728995
1.16 995.13 4054.02 7452.04 2.61 2.98 0.26 -0.65 0.07 0.78 0.83 -0.32 -0.63 729495
1.09 995.14 4054.02 7452.04 2.48 0.17 0.58 -0.65 0.06 0.79 0.83 -0.32 -0.63 730074
0.80 995.17 4054.02 7452.04 2.30 1.20 0.60 -0.66 0.07 0.79 0.84 -0.32 -0.63 730498
0.46 995.22 4054.02 7452.04 2.59 4.27 0.52 -0.66 0.06 0.79 0.84 -0.32 -0.64 731095
0.99 995.15 4054.02 7452.04 2.43 4.35 0.34 -0.65 0.06 0.80 0.84 -0.32 -0.64 731499
0.94 995.16 4054.02 7452.04 2.54 2.04 0.31 -0.65 0.07 0.78 0.84 -0.31 -0.63 732000
1.32 995.11 4054.02 7452.04 2.33 2.58 0.42 -0.65 0.06 0.79 0.83 -0.31 -0.64 732502
0.99 995.15 4054.02 7452.04 2.34 -0.09 0.72 -0.65 0.06 0.79 0.83 -0.31 -0.63 733004
0.90 995.16 4054.02 7452.04 2.30 0.76 0.56 -0.65 0.06 0.78 0.84 -0.31 -0.63 733503
0.75 995.18 4054.02 7452.04 0.02 -2.21 0.50 -0.65 0.07 0.79 0.83 -0.31 -0.63 734101
0.62 995.20 4054.02 7452.04 2.40 0.00 0.69 -0.65 0.07 0.78 0.84 -0.31 -0.62 734505
0.75 995.18 4054.02 7452.04 2.37 0.17 0.58 -0.66 0.07 0.77 0.84 -0.32 -0.63 735105
1.03 995.15 4054.02 7452.04 2.59 0.89 0.52 -0.65 0.06 0.78 0.83 -0.31 -0.64 735507
1.11 995.14 4054.02 7452.04 2.49 -0.38 0.72 -0.65 0.06 0.74 0.83 -0.32 -0.63 736106
1.42 995.10 4054.02 7452.04 2.07 0.25 0.30 -0.66 0.06 0.78 0.83 -0.31 -0.64 736509
1.08 995.14 4054.02 7452.04 2.43 0.15 0.38 -0.65 0.07 0.79 0.83 -0.31 -0.64 737108
0.87 995.17 4054.02 7452.04 2.71 0.46 0.54 -0.66 0.07 0.81 0.84 -0.31 -0.63 737511
0.97 995.16 4054.02 7452.04 2.26 0.34 0.43 -0.70 0.06 0.90 0.83 -0.32 -0.63 738033
1.05 995.15 4054.02 7452.04 2.10 0.11 0.21 -0.63 0.07 0.79 0.84 -0.32 -0.64 738513
1.22 995.13 4054.02 7452.04 2.15 -5.29 0.70 -0.65 0.06 0.80 0.84 -0.32 -0.63 739037
0.93 995.16 4054.02 7452.04 2.59 1.11 0.32 -0.64 0.07 0.79 0.84 -0.31 -0.63 739515
0.82 995.17 4054.02 7452.04 2.01 1.89 0.33 -0.65 0.06 0.81 0.84 -0.31 -0.63 740073
0.55 995.20 4054.02 7452.04 2.20 -2.23 0.38 -0.65 0.07 0.80 0.84 -0.31 -0.65 740519
0.29 995.24 4054.02 7452.04 2.32 0.59 0.52 -0.66 0.06 0.78 0.83 -0.31 -0.63 741082
1.26 995.12 4054.02 7452.04 2.55 0.70 0.49 -0.65 0.06 0.79 0.84 -0.31 -0.63 741520
1.08 995.14 4054.02 7452.04 2.53 0.67 0.41 -0.65 0.07 0.81 0.83 -0.31 -0.63 742119
0.45 995.22 4054.02 7452.04 2.09 0.22 0.55 -0.66 0.07 0.79 0.83 -0.31 -0.62 742522
0.73 995.18 4054.02 7452.04 2.48 -0.07 0.71 -0.66 0.06 0.78 0.83 -0.31 -0.63 743050
0.89 995.16 4054.02 7452.04 2.08 0.77 0.51 -0.66 0.06 0.80 0.83 -0.32 -0.63 743524
0.69 995.19 4054.02 7452.04 2.60 4.77 0.24 -0.65 0.07 0.80 0.83 -0.31 -0.63 744124
0.86 995.17 4054.02 7452.04 2.34 2.15 0.62 -0.70 0.07 0.92 0.83 -0.31 -0.63 744526
0.25 995.24 4054.02 7452.04 1.98 -0.93 0.45 -0.66 0.06 0.78 0.83 -0.32 -0.63 745116
0.27 995.24 4054.02 7452.04 2.15 -4.33 0.58 -0.66 0.07 0.78 0.83 -0.31 -0.63 745529
1.17 995.13 4054.02 7452.04 4.40 0.75 0.17 -0.64 0.06 0.82 0.83 -0.31 -0.63 746116
0.93 995.16 4054.02 7452.04 1.86 1.28 0.26 -0.65 0.07 0.79 0.83 -0.31 -0.64 746530
1.19 995.13 4054.02 7452.04 2.45 1.12 0.28 -0.64 0.06 0.78 0.83 -0.31 -0.63 747110
0.70 995.19 4054.02 7452.04 2.48 0.90 0.47 -0.67 0.06 0.72 0.83 -0.32 -0.64 747532
0.99 995.15 4054.02 7452.04 2.45 0.47 0.47 -0.65 0.07 0.78 0.83 -0.32 -0.64 748125
1.05 995.15 4054.02 7452.04 2.45 -0.08 0.80 -0.60 0.06 0.59 0.84 -0.32 -0.64 748535
0.66 995.19 4054.02 7452.04 2.12 0.50 0.19 -0.66 0.07 0.79 0.83 -0.32 -0.64 749114
0.85 995.17 4054.02 7452.04 2.44 1.56 0.71 -0.64 0.06 0.78 0.84 -0.32 -0.64 749536
0.74 995.18 4054.02 7452.04 1.96 0.18 0.39 -0.65 0.08 0.79 0.83 -0.31 -0.64 750117
1.40 995.11 4054.02 7452.04 2.47 0.65 0.46 -0.65 0.07 0.78 0.83 -0.32 -0.64 750538
0.87 995.17 4054.02 7452.04 2.32 0.20 0.65 -0.65 0.08 0.79 0.83 -0.32 -0.64 751129
1.03 995.15 4054.02 7452.04 2.15 -0.35 0.63 -0.65 0.07 0.79 0.84 -0.32 -0.65 751541
0.31 995.23 4054.02 7452.04 2.41 0.23 0.45 -0.65 0.07 0.79 0.83 -0.31 -0.64 752139
1.06 995.14 4054.02 7452.04 2.49 -6.43 1.11 -0.61 0.06 0.76 0.84 -0.32 -0.64 752543
1.03 995.15 4054.02 7452.04 2.69 0.67 0.38 -0.63 0.06 0.87 0.83 -0.32 -0.64 753112
0.65 995.19 4054.02 7452.04 1.86 -1.82 0.22 -0.60 0.07 0.77 0.84 -0.31 -0.64 753545
0.49 995.21 4054.02 7452.04 2.66 1.61 0.36 -0.62 0.07 0.81 0.84 -0.31 -0.64 754111
1.06 995.14 4054.02 7452.04 2.23 0.20 0.44 -0.63 0.07 0.82 0.85 -0.32 -0.65 754546
0.44 995.22 4005.40 7452.04 2.37 0.03 0.45 -0.62 0.05 0.81 0.85 -0.31 -0.65 755134
1.00 995.15 4054.02 7452.04 2.27 0.12 0.38 -0.61 0.06 0.80 0.84 -0.31 -0.65 755548
0.19 995.25 4054.02 7452.04 2.46 0.29 0.55 -0.63 0.07 0.82 0.85 -0.32 -0.65 756149
0.61 995.20 4054.02 7452.04 2.84 0.49 0.74 -0.60 0.06 0.81 0.85 -0.31 -0.65 756550
1.22 995.13 4054.02 7452.04 2.35 0.03 0.28 -0.62 0.06 0.83 0.84 -0.31 -0.65 757131
0.66 995.19 4054.02 7452.04 2.32 -0.15 0.83 -0.61 0.06 0.79 0.85 -0.31 -0.65 757554
0.44 995.22 4054.02 7452.04 2.55 0.03 0.63 -0.63 0.06 0.82 0.85 -0.32 -0.65 758153
0.27 995.24 4054.02 7452.04 2.35 0.26 0.38 -0.63 0.06 0.83 0.84 -0.31 -0.64 758555
1.06 995.14 4054.02 7452.04 2.62 0.45 0.68 -0.61 0.06 0.81 0.84 -0.31 -0.64 759122
0.31 995.23 4054.02 7452.04 2.30 -0.34 0.32 -0.62 0.06 0.81 0.85 -0.31 -0.65 759559
0.73 995.18 4054.02 7452.04 2.14 0.04 0.12 -0.63 0.05 0.84 0.85 -0.32 -0.64 760138
0.56 995.20 4054.02 7452.04 2.55 -0.17 0.52 -0.65 0.06 0.84 0.84 -0.32 -0.65 760560
0.80 995.18 4054.02 7452.04 2.47 0.08 0.42 -0.64 0.06 0.82 0.85 -0.32 -0.65 761158
0.97 995.16 4054.02 7452.04 2.36 0.84 0.45 -0.63 0.06 0.84 0.85 -0.31 -0.64 761562
0.47 995.21 4054.02 7452.04 2.01 0.83 0.45 -0.62 0.06 0.81 0.84 -0.32 -0.65 762141
0.40 995.22 4054.02 7452.04 2.43 0.31 0.64 -0.62 0.07 0.84 0.84 -0.31 -0.65 762563
0.04 995.26 4054.02 7452.04 2.32 -0.20 0.44 -0.62 0.06 0.81 0.85 -0.32 -0.65 763145
0.87 995.17 4054.02 7452.04 2.63 -0.25 0.58 -0.62 0.07 0.81 0.85 -0.32 -0.65 763567
0.42 995.22 4054.02 7452.04 2.60 0.41 0.47 -0.63 0.07 0.79 0.84 -0.31 -0.65 764165
1.27 995.12 4054.02 7452.04 2.29 -10.82 1.04 -0.57 0.03 0.90 0.84 -0.32 -0.65 764569
0.36 995.23 4054.02 7452.04 3.75 -9.33 -2.59 -0.75 0.05 0.76 0.83 -0.31 -0.63 765165
0.92 995.16 4054.02 7452.04 5.69 32.26 -21.48 -0.58 0.12 0.87 0.91 -0.35 -0.70 765573
0.92 995.16 4054.02 7452.04 -4.98 13.63 -11.43 -0.13 -0.04 0.93 1.09 -0.34 -0.80 766137
0.88 995.17 4054.02 7452.04 19.34 -2.14 -14.84 -0.07 0.00 0.96 1.14 -0.34 -0.82 766575
1.06 995.14 4054.02 7452.04 -2.84 -0.03 -6.84 -0.05 -0.06 0.96 1.16 -0.32 -0.82 767134
0.99 995.15 4054.02 7452.04 -1.03 3.07 2.16 -0.09 0.02 0.96 1.16 -0.33 -0.82 767575
0.90 995.16 4054.02 7452.04 -1.71 0.69 -10.30 -0.11 -0.02 1.01 1.14 -0.35 -0.81 768132
0.93 995.16 4054.02 7452.04 34.52 -34.60 -9.18 -0.34 -0.05 1.13 1.11 -0.30 -0.82 768580
0.54 995.21 4054.02 7452.04 4.76 -50.08 -31.63 -0.45 -0.07 1.02 1.08 -0.30 -0.82 769133
0.39 995.22 4054.02 7452.04 -8.00 -28.38 -30.16 -0.44 -0.06 1.04 1.12 -0.26 -0.84 769584
1.06 995.14 4054.02 7452.04 -1.46 -0.59 -21.03 -0.44 -0.09 0.90 1.15 -0.22 -0.84 770140
1.26 995.12 4054.02 7452.04 35.58 88.08 2.03 -0.00 -0.08 1.04 1.24 -0.25 -0.84 770582
1.74 995.06 4054.02 7452.04 42.34 86.93 -66.08 0.29 -0.43 0.88 1.48 0.04 -0.68 771139
2.25 995.00 4054.02 7452.04 24.30 37.60 -12.64 0.31 -0.86 0.13 1.46 0.22 -0.36 771585
1.30 995.12 4054.02 7452.04 -32.59 -25.56 4.65 0.37 -1.04 0.03 1.43 0.21 -0.27 772147
1.09 995.14 4054.02 7452.04 -32.47 57.60 -29.31 0.32 -0.81 0.28 1.36 0.28 -0.31 772587
1.32 995.11 4054.02 7452.04 -43.99 36.65 9.36 0.83 -0.74 0.18 1.39 0.27 -0.35 773165
1.26 995.12 4054.02 7452.04 -65.60 -31.16 -79.70 0.15 -0.62 0.56 1.16 0.34 -0.54 773591
1.35 995.11 4054.02 7452.04 5.49 41.58 -53.47 0.14 -0.60 1.02 1.00 0.22 -0.71 774147
1.10 995.14 4054.02 7452.04 -12.32 -7.35 -21.46 0.09 -0.59 0.73 1.01 0.19 -0.74 774591
1.00 995.15 4054.02 7452.04 0.25 4.93 -17.26 0.07 -0.49 1.00 0.98 0.15 -0.76 775142
0.91 995.16 4054.02 7452.04 -17.82 16.74 -10.56 0.08 -0.62 0.96 1.00 0.13 -0.77 775595
1.27 995.12 4054.02 7452.04 -4.46 -53.31 -11.11 -0.14 -0.96 0.38 0.98 0.12 -0.77 776160
1.51 995.09 4054.02 7452.04 2.65 8.72 -3.74 -0.07 -0.61 0.73 0.98 0.11 -0.77 776593
1.38 995.11 4054.02 7452.04 11.78 0.96 -9.93 0.00 -0.47 0.74 1.02 0.06 -0.80 777154
1.66 995.07 4054.02 7452.04 99.95 27.67 -23.15 0.08 -0.44 0.58 0.96 0.16 -0.73 777597
1.32 995.11 4054.02 7452.04 -15.02 12.41 -17.45 -0.04 -0.67 0.82 0.91 0.16 -0.71 778188
1.17 995.13 4054.02 7452.04 -17.15 22.46 12.63 -0.15 -0.63 0.78 0.87 0.11 -0.72 778600
1.64 995.08 4054.02 7452.04 -11.89 5.76 -7.88 -0.22 -1.20 0.88 0.92 0.12 -0.74 779188
1.44 995.10 4054.02 7452.04 13.09 -27.43 9.74 0.36 -0.62 -0.79 0.93 0.05 -0.77 779601
1.46 995.10 4054.02 7452.04 47.59 14.17 -1.84 -0.14 -0.68 0.61 0.94 0.11 -0.75 780168
1.62 995.08 4054.02 7452.04 0.82 -3.54 -28.69 -0.08 -0.62 0.57 0.97 0.08 -0.77 780603
1.01 995.15 4054.02 7452.04 9.75 12.55 8.57 -0.08 -0.35 0.67 0.92 0.05 -0.77 781204
0.80 995.18 4054.02 7452.04 11.80 35.68 -3.52 -0.06 -0.60 0.68 0.95 0.06 -0.78 781605
1.38 995.11 4054.02 7452.04 -36.27 -48.09 3.84 -0.82 -1.17 0.11 0.90 0.07 -0.75 782199
1.48 995.10 4054.02 7452.04 -18.06 -0.55 17.82 -0.05 -0.53 1.02 0.96 0.08 -0.77 782608
1.52 995.09 4054.02 7452.04 -37.97 -26.50 40.41 0.13 -1.01 1.13 0.94 0.14 -0.74 783208
1.23 995.12 4054.02 7452.04 -16.97 -0.60 5.83 -0.07 -0.98 0.89 0.95 0.10 -0.76 783609
1.67 995.07 4054.02 7452.04 20.34 -2.52 5.99 -0.11 -0.56 0.92 0.95 0.09 -0.76 784192
1.21 995.13 4054.02 7452.04 21.30 10.34 -13.13 -0.15 -0.63 0.70 0.96 0.09 -0.77 784612
1.24 995.12 4054.02 7452.04 13.32 -12.59 -10.50 -0.15 -0.65 0.72 0.96 0.06 -0.79 785193
1.15 995.13 4054.02 7452.05 24.07 17.99 -1.03 -0.02 -0.38 0.70 0.95 0.05 -0.79 785613
1.09 995.14 4054.02 7452.05 0.98 22.78 -21.34 0.05 -0.58 1.07 0.98 0.06 -0.80 786164
1.18 995.13 4054.02 7452.05 6.62 2.51 -7.70 -0.25 -0.42 0.80 0.95 -0.01 -0.79 786614
1.59 995.08 4054.02 7452.05 11.56 -7.19 -0.73 -0.10 -0.57 0.67 0.98 0.03 -0.81 787188
1.34 995.11 4054.02 7452.05 -53.17 -26.70 -4.94 -0.44 -0.45 1.75 0.91 0.04 -0.76 787619
1.62 995.08 4054.02 7452.05 -1.87 28.86 18.29 0.08 -0.75 1.17 0.97 0.05 -0.80 788174
1.64 995.08 4054.02 7452.05 1.24 -38.66 -18.64 0.05 -0.70 1.20 0.92 0.02 -0.79 788619
1.26 995.12 4054.02 7452.05 25.72 14.40 0.33 -0.77 -0.38 1.26 0.89 0.01 -0.77 789166
1.78 995.06 4054.02 7452.05 7.01 -30.42 -31.09 -0.26 -0.30 0.68 0.91 0.01 -0.77 789622
0.95 995.16 4054.02 7452.05 15.10 -8.94 3.83 -0.36 -0.45 0.84 0.88 -0.02 -0.76 790178
1.64 995.08 4054.02 7452.05 12.83 2.17 -1.62 -0.24 -0.51 0.81 0.90 0.01 -0.78 790622
1.45 995.10 4054.02 7452.05 4.45 11.06 22.88 -0.26 -0.54 0.45 0.86 0.05 -0.75 791177
1.55 995.09 4054.02 7452.05 -26.33 18.24 -4.57 0.28 -0.36 0.74 0.88 0.00 -0.76 791636
1.43 995.10 4054.02 7452.05 -20.77 -22.81 1.32 -0.30 -0.19 0.81 0.85 -0.01 -0.75 792185
1.08 995.14 4054.02 7452.05 -18.92 26.28 3.01 -0.15 -0.63 0.95 0.89 0.05 -0.76 792638
1.43 995.10 4054.02 7452.05 5.09 -11.18 17.12 -0.39 -0.95 0.89 0.87 0.06 -0.74 793184
1.32 995.11 4054.02 7452.05 10.61 14.77 3.07 -0.38 -0.82 0.85 0.89 0.07 -0.75 793640
1.24 995.12 4054.02 7452.05 37.73 -3.40 -3.07 -0.05 -0.56 0.61 0.88 0.07 -0.75 794202
1.44 995.10 4054.02 7452.05 8.75 10.40 1.46 -0.39 -0.57 0.83 0.87 0.06 -0.75 794641
1.70 995.07 4054.02 7452.06 0.45 -1.91 -11.31 -0.26 -0.62 0.74 0.91 0.04 -0.77 795188
1.92 995.04 4054.02 7452.06 -19.00 -8.19 -7.74 -0.03 -0.57 0.48 0.84 0.01 -0.73 795646
1.42 995.10 4054.02 7452.06 16.40 14.83 20.64 -0.36 -0.66 0.86 0.86 0.02 -0.75 796200
2.13 995.02 4054.02 7452.06 -37.90 -15.70 -29.78 -0.31 -0.48 0.25 0.89 -0.01 -0.77 796662
1.67 995.07 4054.02 7452.06 11.01 0.04 38.46 -0.22 -0.20 0.79 0.90 -0.02 -0.78 797196
1.60 995.08 4054.02 7452.06 -8.99 27.09 -12.45 -0.31 -0.55 0.87 0.88 -0.03 -0.78 797663
1.84 995.05 4054.01 7452.06 22.99 -4.11 1.10 -0.39 -0.63 1.20 0.86 -0.04 -0.76 798197
0.80 995.18 4054.01 7452.06 73.01 88.44 43.01 -0.04 -1.60 0.71 0.97 0.15 -0.74 798662
1.68 995.07 4054.01 7452.06 -19.32 -49.32 45.47 0.03 -0.72 0.68 0.93 0.16 -0.72 799223
1.78 995.06 4054.01 7452.06 -17.78 -7.97 0.56 -0.07 -0.50 0.81 0.93 0.16 -0.72 799665
1.47 995.10 4054.01 7452.06 -4.14 7.18 13.88 -0.02 -0.39 1.05 0.94 0.09 -0.77 800222
1.78 995.06 4054.01 7452.06 0.60 -26.28 27.06 -0.03 -0.50 0.79 0.92 0.15 -0.73 800666
1.37 995.11 4054.01 7452.06 -4.91 -13.05 10.18 -0.08 -0.44 0.97 0.92 0.17 -0.75 801189
1.08 995.14 4054.01 7452.06 -22.74 -32.70 11.30 -0.29 -0.33 0.97 0.89 0.14 -0.71 801671
1.32 995.11 4054.01 7452.06 16.45 -12.45 17.49 -0.15 -0.51 0.85 0.92 0.23 -0.65 802208
2.10 995.02 4054.01 7452.06 27.45 15.43 -2.91 -0.15 -0.67 0.78 0.94 0.27 -0.63 802670
1.54 995.09 4054.01 7452.06 -33.34 -17.00 18.03 -0.28 -0.48 0.85 0.95 0.27 -0.62 803218
2.10 995.02 4054.01 7452.06 -9.06 -5.28 5.59 -0.28 -0.46 0.86 0.94 0.24 -0.66 803672
1.88 995.05 4054.01 7452.06 12.61 16.63 -6.40 -0.25 -0.43 0.83 0.94 0.24 -0.66 804235
1.25 995.12 4054.01 7452.06 -0.54 10.97 -31.56 -0.20 -0.45 0.89 0.94 0.22 -0.68 804675
1.57 995.08 4054.01 7452.06 10.52 30.20 -30.60 -0.20 -0.50 0.87 0.92 0.16 -0.70 805237
1.20 995.13 4054.01 7452.06 1.14 7.65 -26.11 0.05 -0.39 0.94 0.92 0.11 -0.74 805675
1.06 995.14 4054.01 7452.06 15.80 19.35 -16.13 -0.13 -0.41 0.85 0.91 0.09 -0.74 806233
1.51 995.09 4054.01 7452.06 -20.98 0.46 -17.99 0.11 -0.07 1.11 0.93 0.04 -0.78 806691
1.84 995.05 4054.01 7452.06 -33.24 -38.01 13.95 -0.01 -0.61 1.04 0.93 0.08 -0.76 807203
1.36 995.11 4054.01 7452.06 -7.73 6.78 15.78 -0.13 -0.60 0.91 0.92 0.07 -0.77 807692
1.40 995.10 4054.01 7452.06 28.68 -14.47 -4.46 0.01 -0.52 0.58 0.94 0.11 -0.76 808248
1.35 995.11 4054.01 7452.06 3.57 6.22 -10.60 -0.01 -0.33 0.74 0.92 0.10 -0.76 808706
1.59 995.08 4054.01 7452.06 37.00 42.84 -38.18 -0.05 -0.46 0.80 0.94 0.06 -0.78 809211
1.42 995.10 4054.01 7452.06 -25.99 -37.45 -13.58 -0.23 -0.50 0.75 0.90 0.06 -0.75 809711
2.18 995.01 4054.01 7452.06 -9.40 33.95 4.81 -0.04 -0.34 1.16 0.94 0.04 -0.78 810230
1.68 995.07 4054.01 7452.06 -13.65 -28.95 22.78 0.12 -1.01 1.01 0.94 0.12 -0.75 810712
1.22 995.13 4054.01 7452.06 7.89 30.79 -2.10 -0.14 -0.59 0.82 0.92 0.06 -0.76 811210
1.85 995.05 4054.01 7452.06 1.07 -25.85 -7.98 -0.02 -0.42 0.59 0.95 0.06 -0.78 811712
1.59 995.08 4054.01 7452.06 -1.00 11.22 20.53 -0.10 -0.26 0.80 0.90 0.03 -0.77 812213
1.50 995.09 4054.01 7452.06 36.68 47.44 -34.69 -0.05 -0.48 0.78 0.96 0.04 -0.79 812716
1.69 995.07 4054.01 7452.06 -50.21 -64.03 -4.98 -0.18 -0.29 0.81 0.95 0.03 -0.78 813218
1.69 995.07 4054.01 7452.06 -8.96 21.15 1.05 0.09 -0.30 1.26 0.97 -0.01 -0.81 813715
1.43 995.10 4054.01 7452.07 -24.13 -40.36 31.72 -0.09 -0.70 1.14 0.94 -0.01 -0.79 814229
1.29 995.12 4054.01 7452.07 -4.35 -2.65 11.03 -0.01 -0.54 1.08 0.97 -0.01 -0.81 814721
2.03 995.03 4054.01 7452.07 24.03 -16.87 -3.30 -0.04 -0.47 0.75 0.97 0.03 -0.81 815251
2.16 995.01 4054.01 7452.07 16.51 2.03 -5.48 -0.10 -0.34 0.75 0.95 -0.02 -0.80 815721
1.42 995.10 4054.01 7452.07 7.49 -19.83 -11.46 -0.01 -0.41 0.75 0.97 -0.00 -0.80 816237
1.45 995.10 4054.01 7452.07 -1.01 4.32 -8.24 -0.35 -0.32 0.83 0.86 -0.03 -0.75 816724
1.59 995.08 4054.01 7452.07 -19.76 -27.44 -33.17 -0.12 -0.06 1.17 0.90 -0.04 -0.77 817229
1.89 995.05 4054.01 7452.07 -20.96 2.86 39.06 -0.26 -0.62 1.23 0.89 -0.03 -0.77 817727
1.20 995.13 4054.01 7452.07 -26.06 -26.14 19.63 -0.12 -0.57 1.10 0.91 0.02 -0.78 818230
1.74 995.06 4054.01 7452.07 20.44 -17.12 -15.72 -0.12 -0.56 0.56 0.92 0.05 -0.76 818732
1.77 995.06 4054.01 7452.07 -0.18 0.42 2.48 -0.11 -0.32 0.72 0.91 0.02 -0.77 819228
1.29 995.12 4054.01 7452.07 33.26 12.87 -31.47 -0.08 -0.31 0.99 0.94 -0.07 -0.80 819733
1.46 995.10 4054.01 7452.07 -6.75 -19.56 -4.18 -0.21 -0.44 0.81 0.91 -0.02 -0.78 820268
1.46 995.10 4054.01 7452.07 -14.39 32.73 -3.54 0.16 -0.14 1.27 0.95 -0.01 -0.80 820734
1.63 995.08 4054.01 7452.07 -27.63 -36.44 32.32 -0.17 -0.99 0.96 0.92 0.04 -0.78 821267
1.82 995.05 4054.01 7452.07 1.46 17.07 4.16 -0.11 -0.53 0.98 0.91 -0.00 -0.78 821734
1.79 995.06 4054.01 7452.07 47.76 2.42 -12.18 -0.08 -0.50 0.55 0.94 0.05 -0.78 822237
1.75 995.06 4054.01 7452.07 14.82 9.51 -11.16 -0.10 -0.34 0.75 0.92 -0.00 -0.78 822738
1.42 995.10 4054.01 7452.07 34.72 -15.14 -27.26 -0.16 -0.38 0.71 0.94 0.00 -0.79 823270
1.70 995.07 4054.01 7452.07 -26.60 1.93 0.46 -0.11 -0.55 0.90 0.90 0.03 -0.76 823738
1.12 995.14 4054.01 7452.07 -40.97 -29.96 -22.25 0.01 -0.14 1.01 0.93 -0.02 -0.79 824279
1.68 995.07 4054.01 7452.07 -0.17 -16.16 34.44 -0.20 -0.86 0.97 0.91 0.04 -0.77 824742
1.52 995.09 4054.01 7452.07 -0.81 4.50 4.36 -0.20 -0.67 0.93 0.93 0.05 -0.77 825280
1.43 995.10 4054.01 7452.07 56.17 -7.52 -24.85 -0.15 -0.57 0.57 0.93 0.09 -0.74 825744
1.78 995.06 4054.01 7452.08 7.47 19.94 22.71 -0.07 -0.68 0.53 0.94 0.18 -0.70 826269
1.95 995.04 4054.01 7452.08 -16.69 3.37 16.04 0.11 -0.79 0.58 1.01 0.21 -0.70 826744
2.22 995.01 4054.01 7452.08 -25.24 -21.59 25.23 0.12 -0.69 0.81 1.00 0.12 -0.76 827271
1.71 995.07 4054.01 7452.08 9.12 4.62 0.11 0.15 -0.67 0.75 0.99 0.15 -0.74 827743
1.91 995.04 4054.01 7452.08 -36.24 9.74 -25.94 -0.11 -0.61 0.78 0.96 0.09 -0.77 828250
2.27 995.00 4054.01 7452.08 25.05 24.83 -37.95 0.03 -0.43 1.00 1.04 -0.03 -0.82 828750
1.76 995.06 4054.01 7452.08 -6.84 9.64 2.55 0.06 -0.57 0.83 1.10 -0.01 -0.83 829264
2.40 994.99 4054.01 7452.08 20.68 91.36 62.55 0.37 -0.40 0.65 1.17 -0.02 -0.83 829751
2.06 995.03 4054.01 7452.08 14.03 -94.27 38.05 0.36 -0.01 1.07 1.15 -0.15 -0.85 830254
1.59 995.08 4054.01 7452.08 -16.70 -73.48 -3.15 -0.21 0.08 1.02 0.89 -0.17 -0.76 830755
1.20 995.13 4054.01 7452.08 7.31 -43.22 -15.15 -0.60 0.17 0.88 0.80 -0.12 -0.62 831255
0.95 995.16 4054.01 7452.08 -4.81 -16.12 -11.53 -0.81 0.06 0.59 0.73 -0.11 -0.49 831757
1.30 995.12 4054.01 7452.08 -0.23 -48.97 4.36 -1.02 0.08 0.26 0.72 -0.13 -0.33 832257
1.22 995.13 4054.01 7452.08 4.62 24.89 0.14 -0.97 0.08 0.25 0.72 -0.13 -0.33 832755
0.91 995.16 4054.01 7452.08 1.49 -12.78 0.81 -0.98 0.09 0.28 0.72 -0.13 -0.34 833257
1.43 995.10 4054.01 7452.08 2.98 3.88 0.41 -0.99 0.09 0.26 0.72 -0.13 -0.33 833756
1.08 995.14 4054.01 7452.08 2.36 0.14 0.60 -0.98 0.09 0.28 0.72 -0.12 -0.33 834257
1.03 995.15 4054.01 7452.08 2.41 -1.29 0.53 -0.99 0.09 0.27 0.72 -0.12 -0.33 834759
1.17 995.13 4054.01 7452.08 2.60 -1.10 0.44 -0.99 0.09 0.24 0.72 -0.13 -0.32 835260
1.11 995.14 4054.01 7452.08 2.58 0.82 0.23 -0.99 0.09 0.24 0.72 -0.13 -0.32 835761
1.59 995.08 4054.01 7452.08 2.15 -1.33 0.39 -0.99 0.08 0.25 0.73 -0.13 -0.32 836263
0.91 995.16 4054.01 7452.08 2.41 -0.07 0.43 -0.99 0.09 0.24 0.73 -0.13 -0.33 836764
1.08 995.14 4054.01 7452.08 2.50 0.70 0.62 -0.98 0.09 0.24 0.72 -0.13 -0.32 837264
1.08 995.14 4054.01 7452.08 2.56 1.25 0.60 -0.99 0.09 0.23 0.73 -0.13 -0.33 837766
1.56 995.09 4054.01 7452.08 2.79 1.69 0.55 -1.01 0.08 0.39 0.72 -0.13 -0.32 838266
1.85 995.05 4054.01 7452.08 2.66 1.78 0.37 -1.00 0.08 0.24 0.72 -0.13 -0.32 838767
1.35 995.11 4054.01 7452.08 2.43 0.59 0.50 -0.99 0.09 0.24 0.72 -0.13 -0.33 839268
1.46 995.10 4054.01 7452.08 2.38 0.15 0.64 -0.99 0.08 0.24 0.72 -0.13 -0.32 839770
0.62 995.20 4054.01 7452.08 2.42 -0.89 0.41 -0.99 0.08 0.24 0.72 -0.13 -0.32 840271
1.43 995.10 4054.01 7452.08 2.57 2.15 0.48 -1.00 0.08 0.25 0.72 -0.13 -0.32 840771
1.20 995.13 4054.01 7452.08 2.52 0.77 0.52 -0.97 0.09 0.24 0.72 -0.13 -0.33 841272
1.60 995.08 4054.01 7452.08 2.54 0.92 0.63 -1.00 0.08 0.25 0.72 -0.13 -0.32 841774
1.09 995.14 4054.01 7452.08 2.37 0.30 0.38 -0.99 0.08 0.24 0.72 -0.13 -0.32 842274
1.51 995.09 4054.01 7452.08 2.14 -0.17 0.27 -0.99 0.09 0.24 0.72 -0.13 -0.32 842776
1.91 995.04 4054.01 7452.08 2.58 0.46 0.57 -1.00 0.10 0.23 0.72 -0.13 -0.33 843276
1.33 995.11 4054.01 7452.08 2.54 0.13 0.45 -0.98 0.09 0.24 0.72 -0.13 -0.32 843778
1.61 995.08 4054.01 7452.08 2.38 0.11 0.47 -0.99 0.09 0.24 0.72 -0.13 -0.32 844278
0.86 995.17 4054.01 7452.08 2.38 0.26 0.55 -0.99 0.09 0.24 0.72 -0.13 -0.33 844779
0.82 995.17 4054.01 7452.08 2.56 0.60 0.44 -0.99 0.09 0.24 0.72 -0.12 -0.33 845280
1.40 995.10 4054.01 7452.08 2.56 0.72 0.25 -0.98 0.09 0.24 0.72 -0.13 -0.33 845782
1.66 995.07 4054.01 7452.08 2.74 -0.23 0.43 -0.99 0.08 0.24 0.72 -0.13 -0.32 846283
1.55 995.09 4054.01 7452.08 2.52 0.36 0.50 -0.97 0.09 0.24 0.72 -0.13 -0.33 846783
1.48 995.09 4054.01 7452.08 2.55 1.92 0.46 -1.00 0.10 0.24 0.73 -0.12 -0.33 847284
1.11 995.14 4054.01 7452.08 2.47 0.43 0.60 -1.00 0.09 0.24 0.73 -0.13 -0.33 847785
1.59 995.08 4054.01 7452.08 2.62 0.97 0.64 -0.99 0.10 0.24 0.72 -0.13 -0.33 848296
1.62 995.08 4054.01 7452.08 2.30 1.16 0.25 -0.99 0.10 0.23 0.72 -0.13 -0.32 848787
2.02 995.03 4054.01 7452.08 2.56 0.45 0.60 -0.99 0.09 0.24 0.72 -0.13 -0.33 849288
1.18 995.13 4054.01 7452.08 2.70 0.63 0.31 -0.99 0.08 0.24 0.72 -0.13 -0.33 849789
1.78 995.06 4054.01 7452.08 2.76 -0.08 0.45 -0.98 0.08 0.24 0.72 -0.13 -0.33 850292
1.09 995.14 4054.01 7452.08 2.58 0.49 0.49 -0.99 0.09 0.25 0.72 -0.13 -0.32 850791
1.65 995.08 4054.01 7452.08 2.57 0.81 0.25 -1.01 0.10 0.25 0.72 -0.13 -0.32 851292
1.45 995.10 4054.01 7452.08 2.40 0.69 0.45 -0.99 0.09 0.24 0.72 -0.13 -0.33 851793
1.23 995.12 4054.01 7452.08 2.81 1.25 0.37 -0.99 0.09 0.24 0.72 -0.13 -0.33 852294
1.31 995.11 4054.01 7452.08 2.19 -1.01 0.77 -0.99 0.08 0.24 0.72 -0.13 -0.33 852796
1.33 995.11 4054.01 7452.08 2.29 -0.60 0.37 -0.99 0.09 0.25 0.72 -0.13 -0.32 853298
1.21 995.13 4054.01 7452.08 2.49 -0.83 0.29 -0.99 0.09 0.24 0.72 -0.13 -0.33 853799
1.65 995.08 4054.01 7452.08 2.42 0.77 0.48 -0.98 0.08 0.25 0.72 -0.13 -0.33 854299
1.23 995.13 4054.01 7452.08 2.37 1.12 0.53 -1.00 0.09 0.24 0.72 -0.13 -0.32 854800
1.32 995.11 4054.01 7452.08 2.18 -0.74 0.43 -0.99 0.08 0.24 0.72 -0.13 -0.32 855303
1.23 995.13 4054.01 7452.08 2.48 -0.39 0.26 -1.00 0.08 0.24 0.71 -0.13 -0.32 855803
1.20 995.13 4054.01 7452.08 2.58 0.13 0.37 -0.98 0.08 0.24 0.72 -0.13 -0.32 856303
0.83 995.17 4054.01 7452.08 2.29 0.53 0.41 -1.00 0.10 0.24 0.72 -0.13 -0.33 856804
1.09 995.14 4054.01 7452.08 2.76 0.87 0.38 -0.99 0.10 0.24 0.72 -0.13 -0.33 857306
0.98 995.15 4054.01 7452.08 2.04 0.31 0.57 -0.99 0.09 0.24 0.71 -0.13 -0.32 857806
1.33 995.11 4054.01 7452.08 2.56 0.90 0.29 -0.98 0.08 0.24 0.72 -0.13 -0.33 858307
1.80 995.06 4054.01 7452.08 2.48 0.52 0.38 -0.97 0.09 0.24 0.72 -0.13 -0.33 858808
1.45 995.10 4054.01 7452.08 2.44 1.11 0.24 -0.99 0.09 0.24 0.72 -0.13 -0.32 859310
0.76 995.18 4054.01 7452.08 2.51 0.81 0.52 -0.99 0.08 0.24 0.72 -0.13 -0.33 859810
1.03 995.15 4054.01 7452.08 2.51 0.10 0.15 -0.97 0.09 0.23 0.72 -0.13 -0.32 860311
1.46 995.10 4054.01 7452.08 2.62 0.11 0.42 -1.00 0.09 0.25 0.72 -0.13 -0.32 860812
1.77 995.06 4054.01 7452.08 2.57 0.37 0.43 -0.99 0.10 0.24 0.72 -0.12 -0.32 861314
1.58 995.08 4054.01 7452.08 2.44 0.12 0.49 -0.99 0.09 0.24 0.72 -0.13 -0.33 861814
1.46 995.10 4054.01 7452.08 2.50 1.26 0.29 -0.99 0.09 0.24 0.72 -0.13 -0.32 862315
1.72 995.07 4054.01 7452.08 2.64 1.42 0.67 -0.99 0.09 0.24 0.72 -0.13 -0.33 862816
1.87 995.05 4054.01 7452.08 2.67 0.93 0.22 -0.99 0.08 0.24 0.72 -0.13 -0.32 863318
1.92 995.04 4054.01 7452.08 2.37 1.35 0.38 -0.99 0.09 0.24 0.72 -0.12 -0.32 863818
1.34 995.11 4054.01 7452.08 2.39 0.50 0.27 -0.99 0.09 0.24 0.71 -0.13 -0.32 864319
1.05 995.15 4054.01 7452.08 2.42 -0.14 0.52 -0.99 0.09 0.24 0.72 -0.13 -0.32 864821
1.46 995.10 4054.01 7452.08 2.23 0.25 0.53 -0.99 0.08 0.24 0.72 -0.13 -0.33 865321
1.09 995.14 4054.01 7452.08 2.42 0.09 0.38 -0.99 0.09 0.24 0.71 -0.13 -0.33 865822
1.77 995.06 4054.01 7452.08 2.63 -0.24 0.55 -0.99 0.09 0.24 0.72 -0.13 -0.33 866324
1.29 995.12 4054.01 7452.08 2.33 1.32 0.28 -0.99 0.08 0.24 0.72 -0.13 -0.32 866824
