-1.28 98887.34 4242.24 7711.45 0.12 -0.06 0.00 -0.40 0.00 9.55 195.75 -125.50 -90.87 255.35
-1.27 98887.25 4242.24 7711.45 0.12 0.06 -0.06 -0.41 0.00 9.56 195.75 -125.50 -91.25 255.60
-1.27 98887.25 4242.24 7711.45 0.00 -0.06 0.06 -0.46 0.00 9.57 195.75 -125.06 -91.25 255.85
-1.27 98887.30 4242.24 7711.45 0.06 -0.12 0.06 -0.37 0.00 9.56 195.06 -124.75 -91.69 256.10
-1.27 98887.30 4242.24 7711.45 -0.06 -0.12 0.00 -0.48 0.01 9.58 195.38 -125.06 -91.25 256.35
-1.27 98887.32 4242.24 7711.45 0.12 0.00 -0.19 -0.41 0.00 9.58 196.06 -125.06 -91.69 256.60
-1.27 98887.32 4242.24 7711.45 0.12 0.00 0.00 -0.45 0.01 9.55 195.06 -125.06 -92.00 256.85
-1.26 98887.20 4242.24 7711.45 -0.06 0.06 0.06 -0.41 0.00 9.56 195.06 -125.75 -91.25 257.10
-1.26 98887.20 4242.24 7711.45 0.00 -0.31 0.00 -0.40 0.01 9.56 195.75 -126.19 -92.37 257.35
-1.27 98887.28 4242.24 7711.45 0.06 0.12 -0.12 -0.47 0.00 9.55 195.38 -125.06 -91.25 257.61
-1.27 98887.28 4242.24 7711.45 0.00 0.00 -0.06 -0.37 0.01 9.58 195.06 -125.50 -92.00 257.86
-1.26 98887.14 4242.24 7711.45 -0.06 -0.19 0.00 -0.48 0.00 9.57 196.06 -125.06 -92.37 258.11
-1.26 98887.14 4242.24 7711.45 0.12 0.25 0.12 -0.38 0.01 9.57 195.75 -125.87 -91.25 258.36
-1.28 98887.35 4242.24 7711.45 0.00 0.12 -0.06 -0.43 0.00 9.55 195.06 -125.06 -92.37 258.61
-1.28 98887.35 4242.24 7711.45 0.06 0.06 -0.06 -0.42 -0.01 9.57 195.38 -125.50 -91.56 258.86
-1.34 98888.10 4242.24 7711.45 -0.06 -0.06 0.06 -0.40 0.00 9.55 194.25 -125.06 -91.56 259.11
-1.34 98888.10 4242.24 7711.45 -0.06 0.12 0.06 -0.47 0.00 9.57 195.75 -125.06 -92.37 259.36
-1.36 98888.29 4242.24 7711.45 -0.06 0.00 -0.19 -0.37 0.00 9.59 195.75 -125.50 -90.56 259.61
-1.36 98888.29 4242.24 7711.45 0.00 -0.25 -0.06 -0.47 -0.02 9.55 195.38 -125.06 -90.87 259.87
-1.36 98888.36 4242.24 7711.45 -0.06 -0.12 0.06 -0.42 0.00 9.57 195.75 -125.06 -92.00 260.12
-1.38 98888.58 4242.24 7711.45 0.00 0.00 0.12 -0.43 -0.01 9.56 195.75 -125.06 -92.06 260.37
-1.38 98888.58 4242.24 7711.45 0.06 0.06 -0.12 -0.44 0.01 9.56 196.06 -124.75 -92.00 260.62
-1.38 98888.60 4242.24 7711.45 0.00 -0.19 -0.25 -0.41 0.00 9.53 195.38 -124.75 -91.69 260.87
-1.38 98888.60 4242.24 7711.45 5.44 2.44 -31.31 -14.83 0.78 39.22 118.69 -75.06 -55.38 261.12
-0.86 98882.50 4242.24 7711.45 -1.44 14.81 -20.56 -6.62 4.22 39.22 116.06 -74.06 -54.88 261.37
-0.86 98882.50 4242.24 7711.45 10.63 28.94 5.44 -15.11 -1.06 39.22 108.19 -66.06 -50.69 261.62
2.89 98838.53 4242.24 7711.45 -3.38 2.88 159.31 -14.47 -3.53 39.22 83.75 -61.50 -43.69 261.96
2.89 98838.53 4242.24 7711.45 -32.69 23.06 314.50 -17.95 -2.39 39.22 -4.19 -26.00 -50.69 262.16
11.97 98732.24 4242.24 7711.45 -16.31 14.38 486.94 -18.60 -3.76 39.22 -11.69 8.19 -56.38 262.42
11.97 98732.24 4242.24 7711.45 -14.75 25.37 583.38 -17.82 -3.47 39.22 23.37 3.19 -55.19 262.66
29.06 98532.35 4242.24 7711.45 -27.31 44.75 684.63 -15.94 -2.17 39.22 -10.00 -19.06 -54.69 263.00
29.06 98532.35 4242.24 7711.45 -74.87 39.06 840.94 -14.59 4.39 39.22 18.00 12.88 -54.69 263.20
53.83 98243.16 4242.24 7711.45 -52.06 6.25 549.06 -11.59 -0.47 39.22 -12.38 -13.88 -57.25 263.46
53.83 98243.16 4242.24 7711.45 -26.56 -3.00 326.19 -6.85 -0.10 39.22 0.88 20.00 -54.75 263.70
86.67 97860.82 4242.24 7711.45 -36.31 12.94 431.38 -4.80 -0.50 34.88 25.50 3.50 -52.88 263.95
86.67 97860.82 4242.24 7711.45 -32.88 -0.75 458.06 -5.91 2.26 17.16 2.19 -21.25 -55.25 264.21
128.04 97380.93 4242.24 7711.45 -36.50 3.56 454.94 -2.76 0.52 -7.68 -14.19 9.50 -55.25 264.46
177.93 96804.77 4242.24 7711.45 -33.00 4.50 376.06 -0.75 -0.63 -23.53 18.56 14.88 -52.69 264.71
177.93 96804.77 4242.24 7711.45 -33.63 -6.19 318.94 0.45 0.57 -31.38 19.69 -15.00 -53.38 264.96
232.28 96180.22 4242.24 7711.45 -35.56 7.19 364.44 0.47 0.11 -26.50 -4.38 -18.37 -53.19 265.21
232.28 96180.22 4242.24 7711.45 -28.31 7.31 411.38 -0.22 0.57 -23.29 -13.19 10.00 -53.69 265.46
292.56 95491.33 4242.24 7711.45 -47.31 6.75 532.25 0.91 1.45 -19.54 24.69 5.69 -52.56 265.83
292.56 95491.33 4242.24 7711.45 -71.31 5.31 804.56 -1.90 4.50 -17.78 -16.06 -5.50 -54.19 266.03
357.37 94755.16 4242.24 7711.45 -81.37 -1.75 963.69 -2.52 6.86 -16.73 24.25 -8.38 -51.19 266.28
357.37 94755.16 4242.24 7711.45 -71.75 -20.81 915.94 -2.61 6.70 -15.55 0.50 22.56 -51.38 266.53
428.16 93956.32 4242.24 7711.45 -44.56 -20.31 741.38 -2.58 4.95 -14.63 -2.75 -19.56 -54.00 266.85
428.16 93956.32 4242.24 7711.45 -30.37 -8.31 652.31 -2.63 3.13 -13.60 7.00 23.37 -52.38 267.05
500.86 93141.53 4242.24 7711.45 -32.63 -0.81 614.81 -2.09 3.07 -12.68 9.25 -20.19 -52.69 267.30
500.86 93141.53 4242.24 7711.45 -36.50 -1.44 619.69 -2.14 2.69 -12.03 -11.75 16.06 -52.38 267.56
575.94 92306.18 4242.24 7711.45 -42.00 0.00 628.06 -2.63 3.43 -11.26 24.25 -6.56 -52.56 267.84
575.94 92306.18 4242.24 7711.45 -38.63 -7.81 620.38 -2.15 2.81 -10.73 -17.19 -3.25 -54.00 268.06
653.34 91451.39 4242.24 7711.45 -35.88 -5.63 599.00 -1.60 2.67 -10.35 20.00 15.06 -50.69 268.31
732.54 90583.35 4242.24 7711.45 -33.13 -7.38 582.25 -2.00 3.16 -9.85 -2.38 -19.87 -53.25 268.56
732.54 90583.35 4242.24 7711.45 -33.50 -7.44 558.69 -2.58 1.85 -8.79 -7.50 21.56 -51.56 268.82
813.10 89707.14 4242.24 7711.45 -29.56 -4.19 532.31 -1.79 2.17 -8.35 25.00 -7.25 -52.25 269.06
813.10 89707.14 4242.24 7711.45 -30.62 -3.31 521.94 -1.80 1.88 -7.85 -15.50 -12.25 -52.50 269.31
894.85 88825.11 4242.24 7711.45 -30.31 -3.50 514.06 -1.82 1.87 -7.38 4.38 23.75 -50.69 269.56
894.85 88825.11 4242.24 7711.45 -29.56 -2.56 504.88 -1.38 1.27 -7.09 20.56 -14.06 -52.50 269.83
977.44 87941.24 4242.24 7711.45 -29.50 -3.69 497.88 -1.68 1.53 -6.81 -18.69 -6.56 -53.25 270.07
977.44 87941.24 4242.24 7711.45 -28.56 -4.69 487.13 -1.71 1.47 -6.37 6.88 22.56 -51.06 270.32
1060.62 87058.11 4242.24 7711.45 -24.94 -6.25 470.31 -1.48 1.53 -6.14 20.19 -15.56 -52.19 270.57
1060.62 87058.11 4242.24 7711.45 -23.50 -3.19 448.31 -1.70 1.38 -5.88 -17.25 -9.38 -53.38 270.88
1144.09 86179.24 4242.24 7711.45 -24.94 -3.88 440.56 -1.93 1.64 -5.42 -0.69 23.00 -51.50 271.08
1144.09 86179.24 4242.24 7711.45 -22.87 -5.06 428.56 -1.30 1.27 -5.15 25.19 -3.25 -52.19 271.33
1227.74 85305.74 4242.24 7711.45 -23.44 -3.00 419.25 -1.29 1.49 -4.82 -5.00 -21.00 -53.38 271.59
1227.74 85305.74 4242.24 7711.45 -27.06 -5.06 416.56 -1.41 1.29 -4.56 -16.25 13.56 -52.19 271.84
1311.34 84439.78 4242.24 7711.45 -23.25 -4.06 409.25 -1.01 0.81 -4.41 18.06 16.75 -51.06 272.09
1311.34 84439.78 4242.24 7711.45 -25.81 -2.00 396.00 -1.18 1.04 -4.24 17.00 -18.06 -52.56 272.34
1394.76 83582.94 4242.24 7711.45 -23.50 -6.38 394.56 -1.02 0.93 -3.95 -16.19 -10.50 -53.25 272.59
1394.76 83582.94 4242.24 7711.45 -20.31 -3.13 377.31 -0.82 1.03 -3.83 -7.19 21.06 -51.50 272.84
1477.76 82737.39 4242.24 7711.45 -22.69 -6.50 369.69 -0.96 0.69 -3.57 24.56 9.88 -51.19 273.09
1477.76 82737.39 4242.24 7711.45 -18.81 -2.88 355.06 -0.71 0.87 -3.34 13.38 -19.25 -51.38 273.34
1560.20 81904.28 4242.24 7711.45 -21.00 -4.88 345.31 -1.01 0.74 -3.26 -16.56 -10.25 -53.00 273.60
1560.20 81904.28 4242.24 7711.45 -15.00 -3.56 327.44 -0.88 0.50 -3.06 -5.38 22.50 -50.75 273.85
1641.90 81085.50 4242.24 7711.45 -19.75 -2.75 321.44 -1.01 0.56 -2.87 17.37 16.75 -50.75 274.10
1722.79 80281.33 4242.24 7711.45 -14.19 -1.69 305.06 -0.81 0.71 -2.68 22.69 -10.56 -51.06 274.35
1722.79 80281.33 4242.24 7711.45 -16.87 -2.44 300.38 -0.80 0.56 -2.55 -2.50 -21.00 -52.56 274.60
1802.76 79492.70 4242.24 7711.45 -15.06 -2.81 290.69 -0.71 0.44 -2.37 -19.75 -1.25 -53.25 274.85
1802.76 79492.70 4242.24 7711.45 -17.12 -2.19 283.88 -0.82 0.46 -2.20 -6.75 21.06 -51.19 275.10
1881.62 78721.17 4242.24 7711.45 -15.56 -0.81 274.31 -0.64 0.33 -2.14 18.37 17.19 -50.38 275.35
1881.62 78721.17 4242.24 7711.45 -15.19 -1.81 266.50 -0.57 0.28 -1.96 25.56 -8.06 -51.19 275.60
1959.33 77966.78 4242.24 7711.45 -15.88 -0.56 258.75 -0.51 0.33 -1.80 5.06 -23.56 -53.69 275.85
1959.33 77966.78 4242.24 7711.45 -13.00 -1.63 248.75 -0.47 0.29 -1.66 -16.19 -12.38 -52.56 276.11
2035.84 77229.85 4242.24 7711.45 -12.94 -2.63 239.94 -0.42 0.10 -1.60 -18.69 11.00 -51.88 276.36
2035.84 77229.85 4242.24 7711.45 -13.81 -2.38 230.00 -0.48 0.19 -1.48 -1.06 24.25 -50.00 276.61
2111.00 76511.37 4242.24 7711.45 -13.63 -1.25 220.69 -0.60 0.15 -1.41 20.19 15.69 -49.69 276.86
2111.00 76511.37 4242.24 7711.45 -12.19 0.88 211.63 -0.50 0.10 -1.31 26.69 -4.50 -51.88 277.11
2184.95 75809.72 4242.24 7711.45 -9.50 0.25 202.38 -0.36 0.10 -1.16 15.69 -20.25 -50.88 277.36
2184.95 75809.72 4242.24 7711.45 -9.44 0.00 190.88 -0.44 0.02 -1.08 -4.56 -23.19 -51.75 277.61
2257.25 75128.79 4242.24 7711.45 -8.50 0.25 180.31 -0.28 0.03 -0.95 -19.06 -9.88 -51.75 277.86
2257.25 75128.79 4242.24 7711.45 -9.06 -0.44 170.94 -0.20 -0.07 -0.90 -19.87 8.06 -51.00 278.11
2328.00 74467.25 4242.24 7711.45 -10.63 1.37 158.63 -0.18 -0.11 -0.78 -10.38 20.69 -51.00 278.36
2328.00 74467.25 4242.24 7711.45 -12.13 2.38 157.13 -0.07 -0.11 -0.72 5.06 24.87 -49.88 278.61
2397.16 73825.25 4242.24 7711.45 -13.88 2.13 161.38 -0.04 -0.22 -0.61 21.25 18.06 -49.06 278.86
2397.16 73825.25 4242.24 7711.45 -15.19 2.31 163.00 -0.07 -0.12 -0.59 28.87 2.56 -48.56 279.12
2464.65 73202.98 4242.24 7711.45 -14.38 2.94 158.44 -0.15 -0.05 -0.50 25.69 -13.88 -49.00 279.37
2464.65 73202.98 4242.24 7711.45 -11.13 3.00 149.06 -0.07 -0.11 -0.43 14.19 -25.37 -49.56 279.62
2530.45 72600.39 4242.24 7711.45 -9.00 1.37 141.75 -0.07 -0.06 -0.38 -1.75 -26.19 -50.06 279.87
2530.45 72600.39 4242.24 7711.45 -8.25 -0.25 131.38 -0.05 -0.08 -0.32 -14.75 -17.50 -51.56 280.12
2594.53 72017.42 4242.24 7711.45 -7.50 -0.44 119.25 -0.10 -0.07 -0.25 -22.25 -5.56 -50.50 280.37
2656.80 71454.60 4242.24 7711.45 -5.75 -1.06 109.69 -0.03 -0.11 -0.18 -22.69 7.75 -50.19 280.62
2656.80 71454.60 4242.24 7711.45 -6.00 -2.50 103.50 0.01 -0.13 -0.09 -17.25 18.50 -50.50 280.88
2717.28 70911.32 4242.24 7711.45 -8.50 -2.88 96.44 0.00 -0.21 -0.05 -8.56 23.87 -48.25 281.12
2717.28 70911.32 4242.24 7711.45 -9.63 -1.31 85.50 0.00 -0.22 -0.03 0.69 27.50 -48.75 281.37
2775.87 70388.22 4242.24 7711.45 -9.31 0.56 73.69 -0.05 -0.16 0.02 10.06 26.37 -47.25 281.63
2775.87 70388.22 4242.24 7711.45 -8.31 2.19 64.00 0.00 -0.24 0.12 18.06 24.19 -46.75 281.88
2832.58 69884.88 4242.24 7711.45 -7.56 2.63 59.00 0.00 -0.21 0.08 24.69 19.87 -45.56 282.13
2832.58 69884.88 4242.24 7711.45 -7.69 2.63 55.81 0.05 -0.21 0.16 28.69 14.06 -44.38 282.38
2887.40 69401.11 4242.24 7711.45 -8.00 2.69 52.19 0.01 -0.22 0.21 33.00 8.00 -44.25 282.63
2887.40 69401.11 4242.24 7711.45 -7.88 3.56 48.63 0.01 -0.21 0.24 34.00 2.56 -44.00 282.88
2940.27 68937.11 4242.24 7711.45 -6.81 4.50 43.81 0.01 -0.23 0.28 35.50 -3.88 -43.88 283.13
2940.27 68937.11 4242.24 7711.45 -5.31 5.06 38.50 0.00 -0.21 0.28 35.50 -8.88 -42.69 283.38
2991.16 68492.85 4242.24 7711.45 -3.69 5.63 33.25 0.00 -0.20 0.34 34.75 -12.56 -42.00 283.63
2991.16 68492.85 4242.24 7711.45 -2.19 5.63 28.69 0.01 -0.19 0.36 33.69 -16.50 -41.88 283.88
3040.05 68068.32 4242.24 7711.45 -0.81 6.13 24.94 0.00 -0.20 0.35 32.25 -20.06 -41.50 284.14
3040.05 68068.32 4242.24 7711.45 0.25 6.31 22.00 0.00 -0.19 0.40 30.50 -23.37 -40.19 284.39
3086.95 67663.02 4242.24 7711.45 1.50 6.44 18.94 -0.01 -0.20 0.44 29.56 -25.87 -40.00 284.64
3086.95 67663.02 4242.24 7711.45 2.56 6.94 15.19 0.00 -0.19 0.44 28.19 -27.69 -38.06 284.89
3131.95 67275.96 4242.24 7711.45 3.63 7.63 10.94 0.00 -0.20 0.43 27.06 -30.00 -36.19 285.14
3131.95 67275.96 4242.24 7711.45 4.94 8.88 7.13 -0.02 -0.18 0.43 27.50 -30.69 -36.00 285.39
3174.79 66909.15 4242.24 7711.45 6.44 10.13 2.75 -0.02 -0.18 0.43 27.50 -31.75 -33.75 285.64
3174.79 66909.15 4242.24 7711.45 7.88 11.56 -2.06 -0.02 -0.17 0.43 28.56 -32.06 -31.25 285.89
3215.55 66561.62 4242.24 7711.45 9.06 13.19 -7.06 -0.02 -0.21 0.44 29.50 -32.88 -27.25 286.14
3254.36 66561.62 4242.24 7711.45 9.94 14.88 -10.31 -0.06 -0.18 0.43 32.06 -32.06 -24.37 286.40
3254.25 66233.07 4242.24 7711.45 10.50 16.87 -15.75 -0.14 -0.19 0.40 35.25 -31.00 -19.75 286.65
3290.94 65922.78 4242.24 7711.45 10.06 18.69 -23.50 -0.22 -0.18 0.42 37.75 -29.19 -15.69 286.90
3290.94 65922.78 4242.24 7711.45 8.31 20.94 -26.56 -0.28 -0.17 0.43 42.06 -24.19 -8.19 287.15
3325.50 65631.63 4242.24 7711.45 5.00 22.69 -25.37 -0.36 -0.18 0.38 45.75 -18.75 -3.38 287.40
3325.50 65631.63 4242.24 7711.45 -2.94 -48.38 31.87 -2.59 -0.02 1.05 45.88 -16.56 -3.88 287.65
3358.37 65355.55 4242.24 7711.45 20.31 544.88 -182.69 2.50 0.51 0.74 1.00 -9.50 53.25 288.10
